1,0,0.134951
1,32,0.1462179
1,64,0.14360787
1,96,0.14426269
1,128,0.14460357
1,160,0.18875211
1,192,0.14792195
1,224,0.14437771
1,256,0.16776966
1,288,0.14891978
1,320,0.13879175
1,352,0.13986489
1,384,0.13910054
1,416,0.17325898
1,448,0.15214536
1,480,0.1404652
1,512,0.15475218
1,544,0.1537996
1,576,0.13484234
1,608,0.13324317
2,0,0.13211896
2,32,0.13268222
2,64,0.15437375
2,96,0.14687362
2,128,0.13293773
2,160,0.14009832
2,192,0.14789015
2,224,0.12698546
2,256,0.12512822
2,288,0.12399533
2,320,0.13415831
2,352,0.14111793
2,384,0.12363657
2,416,0.12378718
2,448,0.14026834
2,480,0.11890972
2,512,0.11610944
2,544,0.115404926
2,576,0.11926056
2,608,0.13863769
3,0,0.11601439
3,32,0.11603407
3,64,0.11532438
3,96,0.12977016
3,128,0.11202171
3,160,0.10847904
3,192,0.109280795
3,224,0.11012883
3,256,0.13460162
3,288,0.11410785
3,320,0.10816646
3,352,0.12174969
3,384,0.10704925
3,416,0.10168801
3,448,0.102905616
3,480,0.09937471
3,512,0.12201037
3,544,0.112773806
3,576,0.10495258
3,608,0.11255461
4,0,0.107853234
4,32,0.100355886
4,64,0.097508036
4,96,0.09649802
4,128,0.092265904
4,160,0.10609807
4,192,0.10710478
4,224,0.1022691
4,256,0.10163295
4,288,0.09335046
4,320,0.08875726
4,352,0.09004327
4,384,0.08444086
4,416,0.089931026
4,448,0.09393049
4,480,0.09780954
4,512,0.09176664
4,544,0.08686165
4,576,0.08389898
4,608,0.082729004
5,0,0.08367261
5,32,0.08120669
5,64,0.08309077
5,96,0.08483661
5,128,0.09271715
5,160,0.09058658
5,192,0.081967235
5,224,0.08229222
5,256,0.07800517
5,288,0.078261055
5,320,0.076758295
5,352,0.08097339
5,384,0.08601883
5,416,0.08686022
5,448,0.07929469
5,480,0.07769019
5,512,0.0763092
5,544,0.074426845
5,576,0.073955745
5,608,0.07914209
