1,0,0.134951
1,32,0.1462179
1,64,0.14360787
1,96,0.14426269
1,128,0.14460357
1,160,0.18875211
1,192,0.14792195
1,224,0.14437771
1,256,0.16776966
1,288,0.14891978
1,320,0.13879175
1,352,0.13986489
1,384,0.13910054
1,416,0.17325898
1,448,0.15214536
1,480,0.1404652
1,512,0.15475218
1,544,0.1537996
1,576,0.13484234
1,608,0.13324317
2,0,0.13211896
2,32,0.13268222
2,64,0.15437375
2,96,0.14687362
2,128,0.13293773
2,160,0.14009832
2,192,0.14789015
2,224,0.12698546
2,256,0.12512822
2,288,0.12399533
2,320,0.13415831
2,352,0.14111793
2,384,0.12363657
2,416,0.12378718
2,448,0.14026834
2,480,0.11890972
2,512,0.11610944
2,544,0.115404926
2,576,0.11926056
2,608,0.13863769
3,0,0.11601439
3,32,0.11603407
3,64,0.11532438
3,96,0.12977016
3,128,0.11202171
3,160,0.10847904
3,192,0.109280795
3,224,0.11012883
3,256,0.13460162
3,288,0.11410785
3,320,0.10816646
3,352,0.12174969
3,384,0.10704925
3,416,0.10168801
3,448,0.102905616
3,480,0.09937471
3,512,0.12201037
3,544,0.112773806
3,576,0.10495258
3,608,0.11255461
4,0,0.107853234
4,32,0.100355886
4,64,0.097508036
4,96,0.09649802
4,128,0.092265904
4,160,0.10609807
4,192,0.10710478
4,224,0.1022691
4,256,0.10163295
4,288,0.09335046
4,320,0.08875726
4,352,0.09004327
4,384,0.08444086
4,416,0.089931026
4,448,0.09393049
4,480,0.09780954
4,512,0.09176664
4,544,0.08686165
4,576,0.08389898
4,608,0.082729004
5,0,0.08367261
5,32,0.08120669
5,64,0.08309077
5,96,0.08483661
5,128,0.09271715
5,160,0.09058658
5,192,0.081967235
5,224,0.08229222
5,256,0.07800517
5,288,0.078261055
5,320,0.076758295
5,352,0.08097339
5,384,0.08601883
5,416,0.08686022
5,448,0.07929469
5,480,0.07769019
5,512,0.0763092
5,544,0.074426845
5,576,0.073955745
5,608,0.07914209
6,0,0.07845375
6,32,0.08159411
6,64,0.084878325
6,96,0.082818046
6,128,0.07350081
6,160,0.07546425
6,192,0.07183928
6,224,0.07083766
6,256,0.0805828
6,288,0.080815546
6,320,0.07775686
6,352,0.080389954
6,384,0.07174841
6,416,0.069890104
6,448,0.06746646
6,480,0.06526292
6,512,0.06708492
6,544,0.073878706
6,576,0.07486251
6,608,0.071609855
7,0,0.06493786
7,32,0.07049373
7,64,0.067713484
7,96,0.06497666
7,128,0.061545588
7,160,0.061060835
7,192,0.06745792
7,224,0.07121076
7,256,0.06616096
7,288,0.06488789
7,320,0.06448975
7,352,0.06293344
7,384,0.05890096
7,416,0.056030646
7,448,0.061963446
7,480,0.06797615
7,512,0.06312174
7,544,0.05915503
7,576,0.06141367
7,608,0.06089167
8,0,0.061108727
8,32,0.057275027
8,64,0.05372253
8,96,0.059158444
8,128,0.06599359
8,160,0.061703265
8,192,0.056779794
8,224,0.05796807
8,256,0.05990926
8,288,0.057380628
8,320,0.05222711
8,352,0.055212207
8,384,0.06359082
8,416,0.06106817
8,448,0.0550036
8,480,0.05596553
8,512,0.05590814
8,544,0.057152644
8,576,0.05132573
8,608,0.052912675
9,0,0.054153837
9,32,0.061595447
9,64,0.060781486
9,96,0.05444288
9,128,0.055244084
9,160,0.054537684
9,192,0.055348933
9,224,0.051172625
9,256,0.051258214
9,288,0.05888908
9,320,0.06010171
9,352,0.05369509
9,384,0.053823262
9,416,0.053865314
9,448,0.05359802
9,480,0.051028147
9,512,0.048188895
9,544,0.05661651
9,576,0.058645815
9,608,0.053269792
10,0,0.051775478
10,32,0.05320902
10,64,0.052534003
10,96,0.052618474
10,128,0.050716713
10,160,0.046146445
10,192,0.0544688
10,224,0.058405507
10,256,0.052536134
10,288,0.052129313
10,320,0.051440988
10,352,0.051702548
10,384,0.050557744
10,416,0.04484652
10,448,0.051935736
10,480,0.057404708
10,512,0.052600656
10,544,0.050958246
10,576,0.05071496
10,608,0.051182892
