1,0,0.1349626
1,32,0.121432886
1,64,0.083643
1,96,0.06793629
1,128,0.06112514
1,160,0.06805435
1,192,0.057089124
1,224,0.05089515
1,256,0.056666296
2,0,0.05819121
2,32,0.04983267
2,64,0.044522163
2,96,0.04223802
2,128,0.041466102
2,160,0.049628183
2,192,0.04481507
2,224,0.03983543
2,256,0.044984
3,0,0.04906816
3,32,0.0407482
3,64,0.035671722
3,96,0.033233102
3,128,0.032710683
3,160,0.038985055
3,192,0.03610989
3,224,0.032070655
3,256,0.035953965
4,0,0.03986419
4,32,0.03289727
4,64,0.029072655
4,96,0.027175074
4,128,0.026618926
4,160,0.031534918
4,192,0.030173458
4,224,0.027342074
4,256,0.029373707
5,0,0.03214147
5,32,0.027692597
5,64,0.025382701
5,96,0.023218954
5,128,0.023925943
5,160,0.027279463
5,192,0.028466377
5,224,0.024805976
5,256,0.02468264
6,0,0.02647917
6,32,0.024807615
6,64,0.023859154
6,96,0.020692268
6,128,0.021299426
6,160,0.02283936
6,192,0.025143117
6,224,0.02288084
6,256,0.021250166
7,0,0.02229531
7,32,0.02229108
7,64,0.021876672
7,96,0.018990874
7,128,0.018215725
7,160,0.019624645
7,192,0.021363944
7,224,0.021029564
7,256,0.019110136
8,0,0.018625153
8,32,0.02036056
8,64,0.01986043
8,96,0.017010942
8,128,0.015913611
8,160,0.017373988
8,192,0.017412355
8,224,0.019534117
8,256,0.01792733
9,0,0.017396696
9,32,0.01843998
9,64,0.01930671
9,96,0.01664454
9,128,0.014840749
9,160,0.015376573
9,192,0.016926637
9,224,0.017682884
9,256,0.017397504
10,0,0.017320594
10,32,0.017383024
10,64,0.019004405
10,96,0.016831484
10,128,0.014064078
10,160,0.01370049
10,192,0.015261223
10,224,0.016515406
10,256,0.016595032
11,0,0.015529971
11,32,0.017236067
11,64,0.018033877
11,96,0.017407674
11,128,0.013789184
11,160,0.012489238
11,192,0.013680505
11,224,0.015892934
11,256,0.016373219
12,0,0.01385683
12,32,0.016940331
12,64,0.017019998
12,96,0.015833456
12,128,0.013704418
12,160,0.012130457
12,192,0.012530845
12,224,0.014584553
12,256,0.015865756
13,0,0.013958764
13,32,0.016077425
13,64,0.015770989
13,96,0.015052902
13,128,0.012916002
13,160,0.012053835
13,192,0.012220399
13,224,0.012834465
13,256,0.014524003
14,0,0.015498795
14,32,0.014298933
14,64,0.014162982
14,96,0.014693133
14,128,0.0124798
14,160,0.011428406
14,192,0.012362364
14,224,0.012215418
14,256,0.012668478
15,0,0.01221854
15,32,0.013517016
15,64,0.01239486
15,96,0.013696774
15,128,0.012291158
15,160,0.011455258
15,192,0.01205547
15,224,0.011943675
15,256,0.011627565
16,0,0.011490679
16,32,0.013878308
16,64,0.011656677
16,96,0.01273725
16,128,0.011864848
16,160,0.011612312
16,192,0.012563379
16,224,0.01264324
16,256,0.012120697
17,0,0.010101947
17,32,0.01356367
17,64,0.012055571
17,96,0.011432773
17,128,0.0114811715
17,160,0.010861391
17,192,0.011637033
17,224,0.013399814
17,256,0.012919084
18,0,0.010081217
18,32,0.012327589
18,64,0.012624339
18,96,0.011290463
18,128,0.010801524
18,160,0.010244416
18,192,0.012056426
18,224,0.01245431
18,256,0.013407554
19,0,0.010405627
19,32,0.013583664
19,64,0.012873947
19,96,0.012757998
19,128,0.011147287
19,160,0.009354266
19,192,0.01258829
19,224,0.010905373
19,256,0.011693984
20,0,0.010307862
20,32,0.013022477
20,64,0.012865549
20,96,0.013503006
20,128,0.0119617125
20,160,0.009017228
20,192,0.012926979
20,224,0.011540546
20,256,0.009659152
21,0,0.007977864
21,32,0.011045964
21,64,0.011647366
21,96,0.013171516
21,128,0.012577825
21,160,0.00957223
21,192,0.012132608
21,224,0.012009852
21,256,0.009404636
22,0,0.0079317065
22,32,0.010618277
22,64,0.010729582
22,96,0.011985089
22,128,0.012152984
22,160,0.0097220875
22,192,0.011670381
22,224,0.01153102
22,256,0.009814235
23,0,0.008642035
23,32,0.010479035
23,64,0.009986427
23,96,0.010367061
23,128,0.010491621
23,160,0.0090257935
23,192,0.01206621
23,224,0.010278636
23,256,0.010613049
24,0,0.008210977
24,32,0.010894366
24,64,0.009484769
24,96,0.009065276
24,128,0.008974361
24,160,0.008464314
24,192,0.0114076035
24,224,0.0088193705
24,256,0.009966668
25,0,0.009534357
25,32,0.011157427
25,64,0.009321452
25,96,0.00827446
25,128,0.008136383
25,160,0.0072814617
25,192,0.010311552
25,224,0.008560432
25,256,0.009002162
26,0,0.008081794
26,32,0.010575562
26,64,0.009802621
26,96,0.007898483
26,128,0.007837158
26,160,0.006537802
26,192,0.008917108
26,224,0.009046647
26,256,0.008100344
27,0,0.0068296716
27,32,0.010069573
27,64,0.009928165
27,96,0.008845089
27,128,0.007731629
27,160,0.0063105123
27,192,0.007817159
27,224,0.009258303
27,256,0.007515764
28,0,0.0064187115
28,32,0.009533932
28,64,0.009322821
28,96,0.009771893
28,128,0.008054595
28,160,0.006590397
28,192,0.007567972
28,224,0.008547661
28,256,0.00785353
29,0,0.0054763136
29,32,0.008227339
29,64,0.008472623
29,96,0.009568261
29,128,0.009430667
29,160,0.0068943184
29,192,0.0077572498
29,224,0.007880617
29,256,0.008053829
30,0,0.005866796
30,32,0.0075431177
30,64,0.0076106726
30,96,0.0084693
30,128,0.01090076
30,160,0.007131553
30,192,0.0074270144
30,224,0.007573097
30,256,0.008138034
31,0,0.0058492655
31,32,0.0072909426
31,64,0.007160752
31,96,0.007508254
31,128,0.010159928
31,160,0.0073213615
31,192,0.0070677535
31,224,0.007229885
31,256,0.0076805307
32,0,0.0062634936
32,32,0.0075395037
32,64,0.0068188813
32,96,0.006944087
32,128,0.008175251
32,160,0.007067104
32,192,0.0069173262
32,224,0.0067887646
32,256,0.0069223833
33,0,0.0058546923
33,32,0.008122222
33,64,0.0065338947
33,96,0.007034577
33,128,0.006879582
33,160,0.006372784
33,192,0.0068370528
33,224,0.0062889503
33,256,0.006564801
34,0,0.004653858
34,32,0.008181818
34,64,0.006727419
34,96,0.007415834
34,128,0.006662154
34,160,0.0058348365
34,192,0.00662994
34,224,0.0063408106
34,256,0.006537516
35,0,0.00477677
35,32,0.008277991
35,64,0.0072492748
35,96,0.008005882
35,128,0.0073750922
35,160,0.0053925323
35,192,0.0072612423
35,224,0.007002235
35,256,0.006213456
36,0,0.005401209
36,32,0.008014398
36,64,0.007856286
36,96,0.007978429
36,128,0.008068727
36,160,0.005633011
36,192,0.008040236
36,224,0.007617602
36,256,0.0066422336
37,0,0.0050175963
37,32,0.00808777
37,64,0.0077619893
37,96,0.0076140817
37,128,0.008038588
37,160,0.005781338
37,192,0.007550546
37,224,0.0077179153
37,256,0.00722513
38,0,0.004917018
38,32,0.00828156
38,64,0.007818095
38,96,0.007287355
38,128,0.00696145
38,160,0.005872062
38,192,0.0066815945
38,224,0.007477946
38,256,0.0075374674
39,0,0.004716142
39,32,0.008289501
39,64,0.008385464
39,96,0.0075360206
39,128,0.006326542
39,160,0.005248037
39,192,0.0064295027
39,224,0.0067144018
39,256,0.00654798
40,0,0.005040115
40,32,0.008308344
40,64,0.008869178
40,96,0.008553627
40,128,0.0063072275
40,160,0.0046433685
40,192,0.0064451857
40,224,0.006171023
40,256,0.00600603
