1,0,0.13495255
1,32,0.14595544
1,64,0.14368106
1,96,0.14471424
1,128,0.14492033
1,160,0.18940161
1,192,0.14854172
1,224,0.14480916
1,256,0.16801399
1,288,0.14896388
1,320,0.13994527
1,352,0.1411305
1,384,0.14044252
1,416,0.1758669
1,448,0.1535788
1,480,0.14144175
1,512,0.15514061
1,544,0.15442334
1,576,0.13637939
1,608,0.1354574
2,0,0.13322988
2,32,0.13516222
2,64,0.1603512
2,96,0.1517841
2,128,0.13543428
2,160,0.1417644
2,192,0.14970772
2,224,0.1295425
2,256,0.12895566
2,288,0.12766597
2,320,0.14097537
2,352,0.14557265
2,384,0.124536976
2,416,0.12405052
2,448,0.14206994
2,480,0.12293904
2,512,0.12045301
2,544,0.11859006
2,576,0.12320471
2,608,0.14431034
3,0,0.11413671
3,32,0.114373244
3,64,0.11364072
3,96,0.12950534
3,128,0.115680255
3,160,0.1127201
3,192,0.10969075
3,224,0.11049273
3,256,0.13720232
3,288,0.112897255
3,320,0.10598394
3,352,0.117544785
3,384,0.10917453
3,416,0.10484402
3,448,0.10136306
3,480,0.0990325
3,512,0.12673032
3,544,0.11098665
3,576,0.100593396
3,608,0.1088956
4,0,0.09443797
4,32,0.10363229
4,64,0.10027918
4,96,0.09465905
4,128,0.09018882
4,160,0.11329951
4,192,0.10680924
4,224,0.096834406
4,256,0.10064886
4,288,0.098348625
4,320,0.095402956
4,352,0.089918695
4,384,0.08387958
4,416,0.09504885
4,448,0.094791435
4,480,0.09162488
4,512,0.08989682
4,544,0.08999815
4,576,0.089908175
4,608,0.08289928
5,0,0.07994516
5,32,0.07955266
5,64,0.086078644
5,96,0.08240658
5,128,0.08636557
5,160,0.08976699
5,192,0.082175806
5,224,0.08675387
5,256,0.077957906
5,288,0.07677233
5,320,0.08198617
5,352,0.077025436
5,384,0.07900104
5,416,0.08516031
5,448,0.08408625
5,480,0.082923725
5,512,0.07636317
5,544,0.07008054
5,576,0.079457015
5,608,0.074346446
6,0,0.06526044
6,32,0.072847866
6,64,0.07914507
6,96,0.08492026
6,128,0.07494486
6,160,0.07553434
6,192,0.06545833
6,224,0.07170031
6,256,0.08145923
6,288,0.06726478
6,320,0.07171469
6,352,0.0876713
6,384,0.07651077
6,416,0.07266379
6,448,0.06468962
6,480,0.062459566
6,512,0.07971138
6,544,0.06673669
6,576,0.06675953
6,608,0.07865929
7,0,0.06783343
7,32,0.0704266
7,64,0.07306307
7,96,0.06387873
7,128,0.059570532
7,160,0.0678196
7,192,0.07138867
7,224,0.06300504
7,256,0.06894988
7,288,0.06831716
7,320,0.06962637
7,352,0.06385739
7,384,0.06088438
7,416,0.05990349
7,448,0.064720705
7,480,0.065122634
7,512,0.059231892
7,544,0.06235876
7,576,0.061969392
7,608,0.06415176
8,0,0.05661255
8,32,0.059046507
8,64,0.057604074
8,96,0.056438755
8,128,0.06627258
8,160,0.0562728
8,192,0.056008123
8,224,0.0583067
8,256,0.059459522
8,288,0.056316186
8,320,0.057230413
8,352,0.05310578
8,384,0.05963777
8,416,0.059598055
8,448,0.051258385
8,480,0.0561478
8,512,0.05522731
8,544,0.05294598
8,576,0.05365717
8,608,0.05565953
9,0,0.04924114
9,32,0.05242265
9,64,0.05918218
9,96,0.052159343
9,128,0.051419232
9,160,0.054663107
9,192,0.04989052
9,224,0.048614807
9,256,0.05913927
9,288,0.049236264
9,320,0.054038387
9,352,0.05357384
9,384,0.04743744
9,416,0.053537335
9,448,0.05063487
9,480,0.044193156
9,512,0.052605778
9,544,0.05197762
9,576,0.04828991
9,608,0.05127353
10,0,0.045344263
10,32,0.047303427
10,64,0.047297146
10,96,0.052074086
10,128,0.044984356
10,160,0.045114055
10,192,0.051751073
10,224,0.04686578
10,256,0.047928646
10,288,0.046092637
10,320,0.044728007
10,352,0.049972523
10,384,0.048561227
10,416,0.043022156
10,448,0.04586909
10,480,0.04934244
10,512,0.045371722
10,544,0.043625657
10,576,0.04424539
10,608,0.045376617
11,0,0.04236514
11,32,0.05010897
11,64,0.046902932
11,96,0.042549845
11,128,0.04895528
11,160,0.04556667
11,192,0.042268034
11,224,0.042331107
11,256,0.043889944
11,288,0.04425733
11,320,0.055347893
11,352,0.04701264
11,384,0.044995833
11,416,0.047653522
11,448,0.040936008
11,480,0.04095217
11,512,0.04292684
11,544,0.041423593
11,576,0.053682297
11,608,0.059586845
12,0,0.04626697
12,32,0.04616023
12,64,0.046221144
12,96,0.04121882
12,128,0.04049021
12,160,0.040396977
12,192,0.04169282
12,224,0.042793497
12,256,0.06918738
12,288,0.05165395
12,320,0.043740008
12,352,0.042008996
12,384,0.039343998
12,416,0.038700067
12,448,0.040800113
12,480,0.03824574
12,512,0.056741208
12,544,0.053987965
12,576,0.045396548
12,608,0.04063263
13,0,0.04209661
13,32,0.03840344
13,64,0.037453182
13,96,0.03727573
13,128,0.038614523
13,160,0.041798227
13,192,0.047624204
13,224,0.045038268
13,256,0.04003688
13,288,0.039639715
13,320,0.035719458
13,352,0.035996515
13,384,0.03471964
13,416,0.03594644
13,448,0.03983385
13,480,0.040265232
13,512,0.042866632
13,544,0.03790852
13,576,0.037302446
13,608,0.03466243
14,0,0.035380453
14,32,0.03266714
14,64,0.03225891
14,96,0.034540072
14,128,0.037147515
14,160,0.042491928
14,192,0.0374916
14,224,0.038107116
14,256,0.033880524
14,288,0.03213625
14,320,0.030023957
14,352,0.0316336
14,384,0.03425613
14,416,0.036255885
14,448,0.041640084
14,480,0.037194315
14,512,0.035134017
14,544,0.031853996
14,576,0.028752303
14,608,0.029973287
15,0,0.03256105
15,32,0.032089557
15,64,0.032867238
15,96,0.03880498
15,128,0.03843239
15,160,0.0353555
15,192,0.032100383
15,224,0.028782858
15,256,0.028889373
15,288,0.030921757
15,320,0.030822018
15,352,0.033573415
15,384,0.040651157
15,416,0.035281543
15,448,0.033731464
15,480,0.029048394
15,512,0.028395835
15,544,0.029885296
15,576,0.03036659
15,608,0.030269833
16,0,0.031740434
16,32,0.036728386
16,64,0.03910292
16,96,0.033973724
16,128,0.030165002
16,160,0.02829518
16,192,0.029640494
16,224,0.029438186
16,256,0.029280748
16,288,0.03225711
16,320,0.039265785
16,352,0.034138743
16,384,0.030949036
16,416,0.02817369
16,448,0.029787034
16,480,0.02936582
16,512,0.028439311
16,544,0.029727945
16,576,0.0359476
16,608,0.037347
17,0,0.031464405
17,32,0.03086481
17,64,0.028140267
17,96,0.02974829
17,128,0.029538222
17,160,0.028377574
17,192,0.028662797
17,224,0.03145625
17,256,0.039506916
17,288,0.033462916
17,320,0.027109345
17,352,0.029561514
17,384,0.03020887
17,416,0.02872233
17,448,0.028028557
17,480,0.029457062
17,512,0.03552911
17,544,0.039644964
17,576,0.027568672
17,608,0.028493
18,0,0.03021802
18,32,0.029764276
18,64,0.029437209
18,96,0.028306095
18,128,0.028947249
18,160,0.030538436
18,192,0.044069648
18,224,0.03426414
18,256,0.028119067
18,288,0.029744584
18,320,0.030200016
18,352,0.029040042
18,384,0.029364796
18,416,0.028762711
18,448,0.035955515
18,480,0.0521265
18,512,0.033194143
18,544,0.029836467
18,576,0.030615075
18,608,0.030955635
19,0,0.027554436
19,32,0.02988638
19,64,0.029119177
19,96,0.030226985
19,128,0.051060576
19,160,0.054875888
19,192,0.033361338
19,224,0.030434925
19,256,0.031751014
19,288,0.029785657
19,320,0.029802766
19,352,0.028260661
19,384,0.035265118
19,416,0.06484794
19,448,0.040129196
19,480,0.030525846
19,512,0.03036996
19,544,0.029240267
19,576,0.028688906
19,608,0.028364407
20,0,0.028874265
20,32,0.028850103
20,64,0.04520146
20,96,0.037846077
20,128,0.030290294
20,160,0.027828442
20,192,0.027671756
20,224,0.027849175
20,256,0.02720135
20,288,0.027296258
20,320,0.03001118
20,352,0.031844407
20,384,0.029704819
20,416,0.026266227
20,448,0.02625483
20,480,0.026528813
20,512,0.026489684
20,544,0.025647426
20,576,0.024759177
20,608,0.026911465
21,0,0.027526416
21,32,0.027136791
21,64,0.024856962
21,96,0.024229323
21,128,0.02559461
21,160,0.025567682
21,192,0.024216773
21,224,0.022633532
21,256,0.024459366
21,288,0.0249188
21,320,0.023995964
21,352,0.023362694
21,384,0.024447711
21,416,0.0251217
21,448,0.023232916
21,480,0.021445205
21,512,0.02244006
21,544,0.023722647
21,576,0.023468096
21,608,0.022463238
22,0,0.024705954
22,32,0.023733867
22,64,0.02439375
22,96,0.023317415
22,128,0.020902866
22,160,0.021183057
22,192,0.023019467
22,224,0.02340553
22,256,0.022135282
22,288,0.022734033
22,320,0.024559094
22,352,0.023393992
22,384,0.02121175
22,416,0.020178042
22,448,0.02244101
22,480,0.022833556
22,512,0.02194128
22,544,0.022576999
22,576,0.023678325
22,608,0.023519322
23,0,0.023037042
23,32,0.02196659
23,64,0.019019771
23,96,0.022358313
23,128,0.022784833
23,160,0.02166268
23,192,0.022545382
23,224,0.022663165
23,256,0.023123989
23,288,0.023024725
23,320,0.018102618
23,352,0.022089597
23,384,0.022762727
23,416,0.021736348
23,448,0.02219324
23,480,0.022892391
23,512,0.022904802
23,544,0.022987092
23,576,0.018194426
23,608,0.021565497
24,0,0.024317205
24,32,0.022780571
24,64,0.0217788
24,96,0.02246954
24,128,0.022915103
24,160,0.023035033
24,192,0.022392243
24,224,0.018999089
24,256,0.021241069
24,288,0.022817146
24,320,0.021946378
24,352,0.02248336
24,384,0.023507591
24,416,0.023502309
24,448,0.022256535
24,480,0.019873157
24,512,0.021071192
24,544,0.02306847
24,576,0.022753885
24,608,0.0223373
25,0,0.025476385
25,32,0.024349097
25,64,0.024336
25,96,0.022572348
25,128,0.020539986
25,160,0.02080302
25,192,0.023322852
25,224,0.023412481
25,256,0.022687148
25,288,0.025766458
25,320,0.02597374
25,352,0.023214161
25,384,0.021465344
25,416,0.020642817
25,448,0.023278605
25,480,0.024014955
25,512,0.023545384
25,544,0.02554003
25,576,0.028987024
25,608,0.024736112
26,0,0.02203212
26,32,0.02241187
26,64,0.021082077
26,96,0.02352437
26,128,0.024143454
26,160,0.024324568
26,192,0.025596272
26,224,0.03160222
26,256,0.029842759
26,288,0.024759358
26,320,0.02048736
26,352,0.024362527
26,384,0.024510086
26,416,0.024164883
26,448,0.024459135
26,480,0.029740864
26,512,0.0428772
26,544,0.03148094
26,576,0.022089265
26,608,0.025089813
27,0,0.02667511
27,32,0.024789836
27,64,0.02410482
27,96,0.024280842
27,128,0.026427003
27,160,0.042764433
27,192,0.042663384
27,224,0.02739909
27,256,0.025338648
27,288,0.02501142
27,320,0.023606261
27,352,0.023820272
27,384,0.023755267
27,416,0.029240917
27,448,0.037116468
27,480,0.030132096
27,512,0.02467004
27,544,0.023622382
27,576,0.022613369
27,608,0.022296205
28,0,0.020217845
28,32,0.022200353
28,64,0.023159655
28,96,0.025603045
28,128,0.02427873
28,160,0.021941474
28,192,0.02156215
28,224,0.020663418
28,256,0.020415258
28,288,0.02065054
28,320,0.020895645
28,352,0.020820556
28,384,0.019947248
28,416,0.019014651
28,448,0.019579614
28,480,0.019675724
28,512,0.018456543
28,544,0.019236287
28,576,0.020126559
28,608,0.019490952
29,0,0.019807765
29,32,0.017844994
29,64,0.017052148
29,96,0.018720487
29,128,0.018899055
29,160,0.017680433
29,192,0.018563304
29,224,0.01969867
29,256,0.019129667
29,288,0.017862115
29,320,0.015076717
29,352,0.018229991
29,384,0.018284455
29,416,0.017292801
29,448,0.018336339
29,480,0.019017674
29,512,0.01965607
29,544,0.01791311
29,576,0.014013448
29,608,0.018060002
30,0,0.01895582
30,32,0.018159382
30,64,0.016876593
30,96,0.018098839
30,128,0.01875327
30,160,0.019366015
30,192,0.01793002
30,224,0.013537233
30,256,0.017779417
30,288,0.018073345
30,320,0.016605452
30,352,0.017841857
30,384,0.01843098
30,416,0.019092605
30,448,0.017652582
30,480,0.013983068
30,512,0.016902061
30,544,0.018478444
30,576,0.017049422
30,608,0.017301701
31,0,0.016955031
31,32,0.018122455
31,64,0.019073863
31,96,0.017665597
31,128,0.0146738
31,160,0.01644196
31,192,0.01872954
31,224,0.017941287
31,256,0.017583873
31,288,0.018069342
31,320,0.018998204
31,352,0.01808305
31,384,0.015734455
31,416,0.016103307
31,448,0.018697537
31,480,0.018785855
31,512,0.01785476
31,544,0.018548857
31,576,0.019008439
31,608,0.018664887
32,0,0.017652493
32,32,0.016849698
32,64,0.016695838
32,96,0.018864922
32,128,0.019557415
32,160,0.018386608
32,192,0.019235924
32,224,0.019552812
32,256,0.019014722
32,288,0.017675526
32,320,0.016841648
32,352,0.01924644
32,384,0.019518944
32,416,0.018423839
32,448,0.019835144
32,480,0.020304076
32,512,0.019701619
32,544,0.018444166
32,576,0.016370524
32,608,0.019565497
33,0,0.019924194
33,32,0.019914657
33,64,0.0188051
33,96,0.020488957
33,128,0.020918055
33,160,0.020443656
33,192,0.018850327
33,224,0.015805447
33,256,0.020000212
33,288,0.020244006
33,320,0.019220954
33,352,0.020652695
33,384,0.02181765
33,416,0.021752438
33,448,0.019322475
33,480,0.015399314
33,512,0.019566217
33,544,0.020963965
33,576,0.019364282
33,608,0.020208571
34,0,0.020118013
34,32,0.0216982
34,64,0.023113731
34,96,0.020022213
34,128,0.016049266
34,160,0.018864071
34,192,0.021610375
34,224,0.019629281
34,256,0.02009376
34,288,0.020503458
34,320,0.023160035
34,352,0.021673255
34,384,0.017413734
34,416,0.01858711
34,448,0.020535395
34,480,0.020813782
34,512,0.019546269
34,544,0.019698849
34,576,0.021081978
34,608,0.021287395
35,0,0.022829957
35,32,0.018411225
35,64,0.01801384
35,96,0.019234937
35,128,0.020464966
35,160,0.019168548
35,192,0.019576974
35,224,0.019527199
35,256,0.019659888
35,288,0.018239051
35,320,0.017004587
35,352,0.018459491
35,384,0.019313294
35,416,0.018732548
35,448,0.0188125
35,480,0.019099865
35,512,0.018220741
35,544,0.01720894
35,576,0.01547106
35,608,0.017752312
36,0,0.016598457
36,32,0.01786129
36,64,0.017687498
36,96,0.018833185
36,128,0.018468026
36,160,0.01769871
36,192,0.016511364
36,224,0.01399
36,256,0.017168919
36,288,0.017422108
36,320,0.016237432
36,352,0.017974531
36,384,0.017848503
36,416,0.017621975
36,448,0.016361235
36,480,0.012933874
36,512,0.016556825
36,544,0.017137917
36,576,0.015406504
36,608,0.017020341
37,0,0.016885465
37,32,0.017541671
37,64,0.017519051
37,96,0.016216183
37,128,0.0123975
37,160,0.016168397
37,192,0.016829737
37,224,0.015698647
37,256,0.016418641
37,288,0.01669328
37,320,0.017350724
37,352,0.015844818
37,384,0.013111807
37,416,0.014969449
37,448,0.016543344
37,480,0.01608567
37,512,0.015838977
37,544,0.01619897
37,576,0.01695844
37,608,0.016206622
38,0,0.015333135
38,32,0.013321656
38,64,0.014352447
38,96,0.016512578
38,128,0.016142309
38,160,0.016132288
38,192,0.016226277
38,224,0.016623408
38,256,0.01616259
38,288,0.01414185
38,320,0.013623112
38,352,0.01624818
38,384,0.016789015
38,416,0.015667122
38,448,0.016632222
38,480,0.016568039
38,512,0.016403303
38,544,0.01484892
38,576,0.013544394
38,608,0.016099155
39,0,0.015523856
39,32,0.017157434
39,64,0.015480004
39,96,0.01713689
39,128,0.016852366
39,160,0.016624372
39,192,0.015441839
39,224,0.013485629
39,256,0.016242662
39,288,0.017170519
39,320,0.015623473
39,352,0.017204233
39,384,0.017373154
39,416,0.01702
39,448,0.01609099
39,480,0.013200309
39,512,0.016865782
39,544,0.01679751
39,576,0.016010206
39,608,0.017127518
40,0,0.017242875
40,32,0.017861439
40,64,0.017593239
40,96,0.016463835
40,128,0.013259141
40,160,0.017643243
40,192,0.01704065
40,224,0.01598411
40,256,0.017485667
40,288,0.01767239
40,320,0.018717773
40,352,0.016879877
40,384,0.0135417115
40,416,0.016683536
40,448,0.01738637
40,480,0.01593997
40,512,0.01737478
40,544,0.017168306
40,576,0.018869657
40,608,0.017652318
41,0,0.016305022
41,32,0.014227317
41,64,0.016030252
41,96,0.0175081
41,128,0.01606999
41,160,0.016837187
41,192,0.01697917
41,224,0.018070014
41,256,0.01853847
41,288,0.014993394
41,320,0.015489314
41,352,0.017393822
41,384,0.016565952
41,416,0.01604517
41,448,0.016865276
41,480,0.017174356
41,512,0.018027868
41,544,0.015925312
41,576,0.014680059
41,608,0.016829774
42,0,0.016475318
42,32,0.01724248
42,64,0.015324686
42,96,0.016334016
42,128,0.016977845
42,160,0.017301934
42,192,0.016291402
42,224,0.014693709
42,256,0.016409008
42,288,0.01715749
42,320,0.015160768
42,352,0.016056262
42,384,0.016432421
42,416,0.016614292
42,448,0.01625637
42,480,0.013623279
42,512,0.016313411
42,544,0.016330985
42,576,0.015050306
42,608,0.016265431
43,0,0.01586463
43,32,0.015697483
43,64,0.016225252
43,96,0.015472756
43,128,0.012795181
43,160,0.015880307
43,192,0.015795296
43,224,0.014269494
43,256,0.016216908
43,288,0.015554405
43,320,0.015877062
43,352,0.014946935
43,384,0.011820349
43,416,0.015277136
43,448,0.015508035
43,480,0.013760368
43,512,0.01573487
43,544,0.015496172
43,576,0.01596462
43,608,0.014594108
44,0,0.015696099
44,32,0.011346963
44,64,0.014332843
44,96,0.01531217
44,128,0.013790033
44,160,0.014865087
44,192,0.01570008
44,224,0.015658911
44,256,0.014910049
44,288,0.011821022
44,320,0.013275955
44,352,0.014963556
44,384,0.014249839
44,416,0.014211855
44,448,0.015320215
44,480,0.015482103
44,512,0.015118784
44,544,0.012371721
44,576,0.012492546
44,608,0.014480412
45,0,0.016558435
45,32,0.014367587
45,64,0.013797739
45,96,0.015265974
45,128,0.015628098
45,160,0.015301039
45,192,0.012789961
45,224,0.01176876
45,256,0.0146299265
45,288,0.014843076
45,320,0.013383469
45,352,0.014876952
45,384,0.015662944
45,416,0.015618592
45,448,0.01370997
45,480,0.011083705
45,512,0.014364933
45,544,0.014829048
45,576,0.013382434
45,608,0.015038623
46,0,0.013670009
46,32,0.015323797
46,64,0.015569316
46,96,0.014509617
46,128,0.010869602
46,160,0.014187596
46,192,0.014931585
46,224,0.013073973
46,256,0.015191688
46,288,0.014947401
46,320,0.015525952
46,352,0.014850451
46,384,0.010650374
46,416,0.014249045
46,448,0.014701054
46,480,0.0129038105
46,512,0.014918952
46,544,0.015073162
46,576,0.015412883
46,608,0.014568815
47,0,0.015765352
47,32,0.010735482
47,64,0.014535313
47,96,0.014774505
47,128,0.012849307
47,160,0.014582517
47,192,0.014864606
47,224,0.015467412
47,256,0.014457452
47,288,0.011380459
47,320,0.01356494
47,352,0.014906388
47,384,0.013187962
47,416,0.013860309
47,448,0.014695239
47,480,0.015314031
47,512,0.014699293
47,544,0.011888206
47,576,0.012783417
47,608,0.014885418
48,0,0.015384161
48,32,0.013512249
48,64,0.013526894
48,96,0.014598961
48,128,0.015229951
48,160,0.015221832
48,192,0.012273678
48,224,0.012116671
48,256,0.014532331
48,288,0.014406475
48,320,0.012900716
48,352,0.014355908
48,384,0.0149755925
48,416,0.015781553
48,448,0.01335246
48,480,0.011454668
48,512,0.014087345
48,544,0.014818187
48,576,0.012767129
48,608,0.014278839
49,0,0.013077386
49,32,0.014794623
49,64,0.015779115
49,96,0.014245154
49,128,0.011180658
49,160,0.013961729
49,192,0.014773972
49,224,0.013005837
49,256,0.0143829705
49,288,0.014367048
49,320,0.015280535
49,352,0.01517718
49,384,0.010805635
49,416,0.014064139
49,448,0.014412798
49,480,0.012789871
49,512,0.014280473
49,544,0.014261665
49,576,0.0147422645
49,608,0.014750721
50,0,0.014756682
50,32,0.01112919
50,64,0.014254924
50,96,0.014276278
50,128,0.012693272
50,160,0.01418525
50,192,0.014106272
50,224,0.014508752
50,256,0.0141522875
50,288,0.01083076
50,320,0.013849978
50,352,0.014248475
50,384,0.012575814
50,416,0.013727059
50,448,0.013777606
50,480,0.014163386
50,512,0.013809821
50,544,0.011071052
50,576,0.012449706
50,608,0.0139372535
51,0,0.013500433
51,32,0.012540724
51,64,0.013314891
51,96,0.013566452
51,128,0.013801094
51,160,0.01384794
51,192,0.011199988
51,224,0.0115848165
51,256,0.013545977
51,288,0.012851292
51,320,0.01249423
51,352,0.013610392
51,384,0.013392039
51,416,0.013760116
51,448,0.011699518
51,480,0.010720776
51,512,0.012893605
51,544,0.013454272
51,576,0.011642718
51,608,0.0136171505
52,0,0.014030115
52,32,0.013464492
52,64,0.01360862
52,96,0.011925632
52,128,0.010421297
52,160,0.012702001
52,192,0.013145301
52,224,0.011445537
52,256,0.013670742
52,288,0.013716416
52,320,0.01347799
52,352,0.012630079
52,384,0.009786447
52,416,0.012875718
52,448,0.013095402
52,480,0.011158025
52,512,0.013937689
52,544,0.013915748
52,576,0.013789267
52,608,0.013112636
53,0,0.011406213
53,32,0.00926236
53,64,0.013592924
53,96,0.013262445
53,128,0.011180101
53,160,0.013672276
53,192,0.014316186
53,224,0.01433904
53,256,0.0132256495
53,288,0.00904012
53,320,0.013481963
53,352,0.013689263
53,384,0.011373559
53,416,0.0132273575
53,448,0.014190446
53,480,0.014635582
53,512,0.013368199
53,544,0.009649617
53,576,0.0125931585
53,608,0.013797335
54,0,0.013477175
54,32,0.011630885
54,64,0.012731057
54,96,0.014084766
54,128,0.014424028
54,160,0.013699329
54,192,0.010150108
54,224,0.011960093
54,256,0.01354887
54,288,0.012222958
54,320,0.011966724
54,352,0.013603949
54,384,0.013603594
54,416,0.014050899
54,448,0.011176534
54,480,0.010958304
54,512,0.013068835
54,544,0.0128217805
54,576,0.011321561
54,608,0.0131944055
55,0,0.01443601
55,32,0.013404754
55,64,0.013831352
55,96,0.012040109
55,128,0.0104584545
55,160,0.012838681
55,192,0.013140451
55,224,0.0109335575
55,256,0.012901593
55,288,0.013258928
55,320,0.013444344
55,352,0.012611333
55,384,0.010060563
55,416,0.01275074
55,448,0.0128823845
55,480,0.010891136
55,512,0.012916132
55,544,0.01298199
55,576,0.013310775
55,608,0.012842866
56,0,0.00901933
56,32,0.009576314
56,64,0.012847867
56,96,0.0129853375
56,128,0.010799402
56,160,0.0128913345
56,192,0.012869447
56,224,0.013108899
56,256,0.012738186
56,288,0.008748635
56,320,0.0125950575
56,352,0.013151915
56,384,0.01089242
56,416,0.012640147
56,448,0.013064619
56,480,0.012966338
56,512,0.01247704
56,544,0.008678939
56,576,0.012054479
56,608,0.013194088
57,0,0.012857674
57,32,0.011156051
57,64,0.012640159
57,96,0.01297461
57,128,0.013010433
57,160,0.012341493
57,192,0.009171165
57,224,0.011357923
57,256,0.012947331
57,288,0.011741332
57,320,0.012411045
57,352,0.013257873
57,384,0.013069468
57,416,0.012687951
57,448,0.00988561
57,480,0.010589145
57,512,0.012380971
57,544,0.012401747
57,576,0.011617265
57,608,0.013301853
58,0,0.0144561585
58,32,0.012995876
58,64,0.012986924
58,96,0.010487279
58,128,0.010212049
58,160,0.012104522
58,192,0.012408048
58,224,0.01145679
58,256,0.013015486
58,288,0.01316584
58,320,0.013076568
58,352,0.011181042
58,384,0.009682881
58,416,0.012057567
58,448,0.012212395
58,480,0.011210483
58,512,0.012946471
58,544,0.013240148
58,576,0.012937393
58,608,0.011773017
59,0,0.0069134664
59,32,0.00924233
59,64,0.012149958
59,96,0.012145676
59,128,0.010580544
59,160,0.013128454
59,192,0.013197935
59,224,0.013078558
59,256,0.012095079
59,288,0.008066957
59,320,0.012172907
59,352,0.011983384
59,384,0.010199349
59,416,0.01238432
59,448,0.013276658
59,480,0.013045903
59,512,0.0123794405
59,544,0.007782368
59,576,0.011585371
59,608,0.01203248
60,0,0.012403525
60,32,0.010027716
60,64,0.011919101
60,96,0.013026886
60,128,0.013099801
60,160,0.012374963
60,192,0.008096439
60,224,0.011113959
60,256,0.012020861
60,288,0.010209577
60,320,0.011450579
60,352,0.012316078
60,384,0.013072222
60,416,0.01233115
60,448,0.009108871
60,480,0.01034539
60,512,0.011784718
60,544,0.010733443
60,576,0.010842417
60,608,0.011956945
61,0,0.011525596
61,32,0.012810742
61,64,0.0125138955
61,96,0.009590964
61,128,0.009948947
61,160,0.011712805
61,192,0.011181322
61,224,0.010347486
61,256,0.011914257
61,288,0.012491753
61,320,0.012820977
61,352,0.01038692
61,384,0.009189611
61,416,0.011494476
61,448,0.011884328
61,480,0.009758066
61,512,0.0117678605
61,544,0.012418049
61,576,0.012915885
61,608,0.011521766
62,0,0.0071623917
62,32,0.008842674
62,64,0.011388272
62,96,0.011814166
62,128,0.009925886
62,160,0.011709133
62,192,0.012336153
62,224,0.012811676
62,256,0.012167085
62,288,0.008126197
62,320,0.01130467
62,352,0.011680943
62,384,0.009864431
62,416,0.011843906
62,448,0.01206224
62,480,0.012559573
62,512,0.01238505
62,544,0.0077083325
62,576,0.011126357
62,608,0.011653815
63,0,0.011913805
63,32,0.009851762
63,64,0.011781831
63,96,0.012261088
63,128,0.012210768
63,160,0.012094968
63,192,0.007609378
63,224,0.011045656
63,256,0.0116256755
63,288,0.009787123
63,320,0.01164211
63,352,0.012119121
63,384,0.012144405
63,416,0.011704668
63,448,0.008325136
63,480,0.010335537
63,512,0.01166302
63,544,0.010026021
63,576,0.010954395
63,608,0.011988575
64,0,0.01181921
64,32,0.012157557
64,64,0.011617829
64,96,0.00873787
64,128,0.009976617
64,160,0.011510072
64,192,0.01046566
64,224,0.010521459
64,256,0.011792345
64,288,0.012105549
64,320,0.011706965
64,352,0.009471592
64,384,0.009182186
64,416,0.0112056425
64,448,0.011215636
64,480,0.009769631
64,512,0.01153641
64,544,0.012106343
64,576,0.011954811
64,608,0.010097319
65,0,0.006663383
65,32,0.008727082
65,64,0.01107593
65,96,0.011711147
65,128,0.009556504
65,160,0.011266606
65,192,0.012032892
65,224,0.01205947
65,256,0.010643451
65,288,0.008239696
65,320,0.010885491
65,352,0.011437684
65,384,0.009827495
65,416,0.01124939
65,448,0.011856869
65,480,0.01207333
65,512,0.011385975
65,544,0.007457415
65,576,0.011093891
65,608,0.011295397
66,0,0.01164205
66,32,0.009654984
66,64,0.011356936
66,96,0.011689251
66,128,0.012023713
66,160,0.011700474
66,192,0.0073085353
66,224,0.011083524
66,256,0.011565123
66,288,0.00950742
66,320,0.011320679
66,352,0.011831081
66,384,0.011846501
66,416,0.011626572
66,448,0.0074500684
66,480,0.010768932
66,512,0.0118234875
66,544,0.009959003
66,576,0.011038735
66,608,0.0116303945
67,0,0.012556251
67,32,0.011845259
67,64,0.011463823
67,96,0.008076041
67,128,0.010131925
67,160,0.011875335
67,192,0.010339432
67,224,0.010663081
67,256,0.011558551
67,288,0.011804317
67,320,0.011399301
67,352,0.008855551
67,384,0.009259716
67,416,0.01135393
67,448,0.011046289
67,480,0.010020891
67,512,0.011448133
67,544,0.011656178
67,576,0.01150788
67,608,0.009588953
68,0,0.0060931947
68,32,0.008835087
68,64,0.010772063
68,96,0.011389673
68,128,0.00990375
68,160,0.011346959
68,192,0.011804204
68,224,0.011574839
68,256,0.009981722
68,288,0.008194577
68,320,0.01042416
68,352,0.011171716
68,384,0.009594654
68,416,0.011234306
68,448,0.011887474
68,480,0.011581647
68,512,0.01062656
68,544,0.0075750686
68,576,0.010389454
68,608,0.010884369
69,0,0.009791441
69,32,0.009499975
69,64,0.011206652
69,96,0.011933871
69,128,0.011651661
69,160,0.011033042
69,192,0.007118704
69,224,0.010572829
69,256,0.01078452
69,288,0.009304655
69,320,0.010995038
69,352,0.011825116
69,384,0.011778423
69,416,0.011277899
69,448,0.0070391432
69,480,0.010460102
69,512,0.010641609
69,544,0.009397662
69,576,0.010906574
69,608,0.011484558
70,0,0.012423012
70,32,0.011893262
70,64,0.011138905
70,96,0.0074533317
70,128,0.010192921
70,160,0.010740459
70,192,0.009552509
70,224,0.010784988
70,256,0.011180804
70,288,0.012030097
70,320,0.011043757
70,352,0.008306779
70,384,0.009633046
70,416,0.0106754275
70,448,0.009896028
70,480,0.010566914
70,512,0.010831183
70,544,0.011840504
70,576,0.011359927
70,608,0.008888463
71,0,0.0065459874
71,32,0.00948171
71,64,0.010700906
71,96,0.010041296
71,128,0.010267119
71,160,0.010980943
71,192,0.0116883805
71,224,0.011608439
71,256,0.009394011
71,288,0.008731487
71,320,0.010633232
71,352,0.010723103
71,384,0.009486229
71,416,0.0109388875
71,448,0.011526575
71,480,0.011800057
71,512,0.010045041
71,544,0.008057855
71,576,0.010430731
71,608,0.010701374
72,0,0.01054173
72,32,0.00900529
72,64,0.010696748
72,96,0.011637028
72,128,0.011683593
72,160,0.010431005
72,192,0.0074463845
72,224,0.010373811
72,256,0.010698062
72,288,0.008614439
72,320,0.010752506
72,352,0.011088772
72,384,0.011773515
72,416,0.011043052
72,448,0.0068286597
72,480,0.010322197
72,512,0.010444358
72,544,0.0086444495
72,576,0.0104520675
72,608,0.010848641
73,0,0.01158816
73,32,0.011878838
73,64,0.011089917
73,96,0.0067949165
73,128,0.010229895
73,160,0.010387057
73,192,0.008711291
73,224,0.010449489
73,256,0.010516064
73,288,0.011700208
73,320,0.011207073
73,352,0.00747119
73,384,0.009641621
73,416,0.010394882
73,448,0.008993296
73,480,0.009976775
73,512,0.010443897
73,544,0.011350023
73,576,0.011269635
73,608,0.008520139
74,0,0.0060096337
74,32,0.0092938
74,64,0.0103316195
74,96,0.009219669
74,128,0.009733346
74,160,0.010386091
74,192,0.011049695
74,224,0.011495855
74,256,0.0091527775
74,288,0.008686718
74,320,0.010162354
74,352,0.009882384
74,384,0.008985105
74,416,0.010385129
74,448,0.010920975
74,480,0.0114774285
74,512,0.009803267
74,544,0.008378111
74,576,0.010064562
74,608,0.010291163
75,0,0.009951521
75,32,0.008560162
75,64,0.010259749
75,96,0.011040053
75,128,0.011243712
75,160,0.010090621
75,192,0.00813342
75,224,0.010079935
75,256,0.010167101
75,288,0.008412815
75,320,0.010446709
75,352,0.0107630845
75,384,0.011254119
75,416,0.010633402
75,448,0.007122083
75,480,0.010383862
75,512,0.01016905
75,544,0.00824992
75,576,0.010407443
75,608,0.010537801
76,0,0.010860879
76,32,0.011288674
76,64,0.010857031
76,96,0.006716596
76,128,0.010412767
76,160,0.010319168
76,192,0.008184036
76,224,0.010378887
76,256,0.010565284
76,288,0.0110935215
76,320,0.010848079
76,352,0.0067446223
76,384,0.010026125
76,416,0.010394427
76,448,0.008386528
76,480,0.010013615
76,512,0.010299359
76,544,0.011012192
76,576,0.010648566
76,608,0.0076348674
77,0,0.0064032003
77,32,0.009451808
77,64,0.010357509
77,96,0.008597735
77,128,0.009641234
77,160,0.010266908
77,192,0.010939251
77,224,0.010591393
77,256,0.008036881
77,288,0.008755984
77,320,0.010226877
77,352,0.009138298
77,384,0.008888754
77,416,0.010250603
77,448,0.010508547
77,480,0.010831427
77,512,0.008635552
77,544,0.008122591
77,576,0.009807817
77,608,0.009973573
78,0,0.0055797263
78,32,0.008467719
78,64,0.010157755
78,96,0.010452958
78,128,0.011007521
78,160,0.008938672
78,192,0.007661072
78,224,0.009828976
78,256,0.00993003
78,288,0.0081034005
78,320,0.010057698
78,352,0.010425526
78,384,0.010837007
78,416,0.009797779
78,448,0.006947563
78,480,0.0096940575
78,512,0.009910284
78,544,0.00791268
78,576,0.0103272665
78,608,0.010202292
79,0,0.011673363
79,32,0.010721348
79,64,0.01026208
79,96,0.0064106714
79,128,0.0097808065
79,160,0.009932534
79,192,0.007770616
79,224,0.010334099
79,256,0.01031116
79,288,0.010649481
79,320,0.010535489
79,352,0.006253009
79,384,0.009696746
79,416,0.009912398
79,448,0.0076785414
79,480,0.010157003
79,512,0.010374859
79,544,0.01065791
79,576,0.010387798
79,608,0.0069209957
80,0,0.0047575496
80,32,0.009478235
80,64,0.009915005
80,96,0.007952379
80,128,0.009646777
80,160,0.010535549
80,192,0.010716411
80,224,0.01034773
80,256,0.0074160164
80,288,0.008882771
80,320,0.009851955
80,352,0.008535372
80,384,0.008982435
80,416,0.010341642
80,448,0.010654643
80,480,0.010545652
80,512,0.008067844
80,544,0.008264893
80,576,0.0096353665
80,608,0.00930621
