1,0,0.1349626
1,32,0.121432886
1,64,0.083643
1,96,0.06793629
1,128,0.06112514
1,160,0.06805435
1,192,0.057089124
1,224,0.05089515
1,256,0.056666296
2,0,0.05819121
2,32,0.04983267
2,64,0.044522163
2,96,0.04223802
2,128,0.041466102
2,160,0.049628183
2,192,0.04481507
2,224,0.03983543
2,256,0.044984
3,0,0.04906816
3,32,0.0407482
3,64,0.035671722
3,96,0.033233102
3,128,0.032710683
3,160,0.038985055
3,192,0.03610989
3,224,0.032070655
3,256,0.035953965
4,0,0.03986419
4,32,0.03289727
4,64,0.029072655
4,96,0.027175074
4,128,0.026618926
4,160,0.031534918
4,192,0.030173458
4,224,0.027342074
4,256,0.029373707
5,0,0.03214147
5,32,0.027692597
5,64,0.025382701
5,96,0.023218954
5,128,0.023925943
5,160,0.027279463
5,192,0.028466377
5,224,0.024805976
5,256,0.02468264
6,0,0.02647917
6,32,0.024807615
6,64,0.023859154
6,96,0.020692268
6,128,0.021299426
6,160,0.02283936
6,192,0.025143117
6,224,0.02288084
6,256,0.021250166
7,0,0.02229531
7,32,0.02229108
7,64,0.021876672
7,96,0.018990874
7,128,0.018215725
7,160,0.019624645
7,192,0.021363944
7,224,0.021029564
7,256,0.019110136
8,0,0.018625153
8,32,0.02036056
8,64,0.01986043
8,96,0.017010942
8,128,0.015913611
8,160,0.017373988
8,192,0.017412355
8,224,0.019534117
8,256,0.01792733
9,0,0.017396696
9,32,0.01843998
9,64,0.01930671
9,96,0.01664454
9,128,0.014840749
9,160,0.015376573
9,192,0.016926637
9,224,0.017682884
9,256,0.017397504
10,0,0.017320594
10,32,0.017383024
10,64,0.019004405
10,96,0.016831484
10,128,0.014064078
10,160,0.01370049
10,192,0.015261223
10,224,0.016515406
10,256,0.016595032
11,0,0.015529971
11,32,0.017236067
11,64,0.018033877
11,96,0.017407674
11,128,0.013789184
11,160,0.012489238
11,192,0.013680505
11,224,0.015892934
11,256,0.016373219
12,0,0.01385683
12,32,0.016940331
12,64,0.017019998
12,96,0.015833456
12,128,0.013704418
12,160,0.012130457
12,192,0.012530845
12,224,0.014584553
12,256,0.015865756
13,0,0.013958764
13,32,0.016077425
13,64,0.015770989
13,96,0.015052902
13,128,0.012916002
13,160,0.012053835
13,192,0.012220399
13,224,0.012834465
13,256,0.014524003
14,0,0.015498795
14,32,0.014298933
14,64,0.014162982
14,96,0.014693133
14,128,0.0124798
14,160,0.011428406
14,192,0.012362364
14,224,0.012215418
14,256,0.012668478
15,0,0.01221854
15,32,0.013517016
15,64,0.01239486
15,96,0.013696774
15,128,0.012291158
15,160,0.011455258
15,192,0.01205547
15,224,0.011943675
15,256,0.011627565
16,0,0.011490679
16,32,0.013878308
16,64,0.011656677
16,96,0.01273725
16,128,0.011864848
16,160,0.011612312
16,192,0.012563379
16,224,0.01264324
16,256,0.012120697
17,0,0.010101947
17,32,0.01356367
17,64,0.012055571
17,96,0.011432773
17,128,0.0114811715
17,160,0.010861391
17,192,0.011637033
17,224,0.013399814
17,256,0.012919084
18,0,0.010081217
18,32,0.012327589
18,64,0.012624339
18,96,0.011290463
18,128,0.010801524
18,160,0.010244416
18,192,0.012056426
18,224,0.01245431
18,256,0.013407554
19,0,0.010405627
19,32,0.013583664
19,64,0.012873947
19,96,0.012757998
19,128,0.011147287
19,160,0.009354266
19,192,0.01258829
19,224,0.010905373
19,256,0.011693984
20,0,0.010307862
20,32,0.013022477
20,64,0.012865549
20,96,0.013503006
20,128,0.0119617125
20,160,0.009017228
20,192,0.012926979
20,224,0.011540546
20,256,0.009659152
