1,0,0.13495255
1,32,0.14595544
1,64,0.14368106
1,96,0.14471424
1,128,0.14492033
1,160,0.18940161
1,192,0.14854172
1,224,0.14480916
1,256,0.16801399
1,288,0.14896388
1,320,0.13994527
1,352,0.1411305
1,384,0.14044252
1,416,0.1758669
1,448,0.1535788
1,480,0.14144175
1,512,0.15514061
1,544,0.15442334
1,576,0.13637939
1,608,0.1354574
2,0,0.13322988
2,32,0.13516222
2,64,0.1603512
2,96,0.1517841
2,128,0.13543428
2,160,0.1417644
2,192,0.14970772
2,224,0.1295425
2,256,0.12895566
2,288,0.12766597
2,320,0.14097537
2,352,0.14557265
2,384,0.124536976
2,416,0.12405052
2,448,0.14206994
2,480,0.12293904
2,512,0.12045301
2,544,0.11859006
2,576,0.12320471
2,608,0.14431034
3,0,0.11413671
3,32,0.114373244
3,64,0.11364072
3,96,0.12950534
3,128,0.115680255
3,160,0.1127201
3,192,0.10969075
3,224,0.11049273
3,256,0.13720232
3,288,0.112897255
3,320,0.10598394
3,352,0.117544785
3,384,0.10917453
3,416,0.10484402
3,448,0.10136306
3,480,0.0990325
3,512,0.12673032
3,544,0.11098665
3,576,0.100593396
3,608,0.1088956
4,0,0.09443797
4,32,0.10363229
4,64,0.10027918
4,96,0.09465905
4,128,0.09018882
4,160,0.11329951
4,192,0.10680924
4,224,0.096834406
4,256,0.10064886
4,288,0.098348625
4,320,0.095402956
4,352,0.089918695
4,384,0.08387958
4,416,0.09504885
4,448,0.094791435
4,480,0.09162488
4,512,0.08989682
4,544,0.08999815
4,576,0.089908175
4,608,0.08289928
5,0,0.07994516
5,32,0.07955266
5,64,0.086078644
5,96,0.08240658
5,128,0.08636557
5,160,0.08976699
5,192,0.082175806
5,224,0.08675387
5,256,0.077957906
5,288,0.07677233
5,320,0.08198617
5,352,0.077025436
5,384,0.07900104
5,416,0.08516031
5,448,0.08408625
5,480,0.082923725
5,512,0.07636317
5,544,0.07008054
5,576,0.079457015
5,608,0.074346446
6,0,0.06526044
6,32,0.072847866
6,64,0.07914507
6,96,0.08492026
6,128,0.07494486
6,160,0.07553434
6,192,0.06545833
6,224,0.07170031
6,256,0.08145923
6,288,0.06726478
6,320,0.07171469
6,352,0.0876713
6,384,0.07651077
6,416,0.07266379
6,448,0.06468962
6,480,0.062459566
6,512,0.07971138
6,544,0.06673669
6,576,0.06675953
6,608,0.07865929
7,0,0.06783343
7,32,0.0704266
7,64,0.07306307
7,96,0.06387873
7,128,0.059570532
7,160,0.0678196
7,192,0.07138867
7,224,0.06300504
7,256,0.06894988
7,288,0.06831716
7,320,0.06962637
7,352,0.06385739
7,384,0.06088438
7,416,0.05990349
7,448,0.064720705
7,480,0.065122634
7,512,0.059231892
7,544,0.06235876
7,576,0.061969392
7,608,0.06415176
8,0,0.05661255
8,32,0.059046507
8,64,0.057604074
8,96,0.056438755
8,128,0.06627258
8,160,0.0562728
8,192,0.056008123
8,224,0.0583067
8,256,0.059459522
8,288,0.056316186
8,320,0.057230413
8,352,0.05310578
8,384,0.05963777
8,416,0.059598055
8,448,0.051258385
8,480,0.0561478
8,512,0.05522731
8,544,0.05294598
8,576,0.05365717
8,608,0.05565953
9,0,0.04924114
9,32,0.05242265
9,64,0.05918218
9,96,0.052159343
9,128,0.051419232
9,160,0.054663107
9,192,0.04989052
9,224,0.048614807
9,256,0.05913927
9,288,0.049236264
9,320,0.054038387
9,352,0.05357384
9,384,0.04743744
9,416,0.053537335
9,448,0.05063487
9,480,0.044193156
9,512,0.052605778
9,544,0.05197762
9,576,0.04828991
9,608,0.05127353
10,0,0.045344263
10,32,0.047303427
10,64,0.047297146
10,96,0.052074086
10,128,0.044984356
10,160,0.045114055
10,192,0.051751073
10,224,0.04686578
10,256,0.047928646
10,288,0.046092637
10,320,0.044728007
10,352,0.049972523
10,384,0.048561227
10,416,0.043022156
10,448,0.04586909
10,480,0.04934244
10,512,0.045371722
10,544,0.043625657
10,576,0.04424539
10,608,0.045376617
11,0,0.04236514
11,32,0.05010897
11,64,0.046902932
11,96,0.042549845
11,128,0.04895528
11,160,0.04556667
11,192,0.042268034
11,224,0.042331107
11,256,0.043889944
11,288,0.04425733
11,320,0.055347893
11,352,0.04701264
11,384,0.044995833
11,416,0.047653522
11,448,0.040936008
11,480,0.04095217
11,512,0.04292684
11,544,0.041423593
11,576,0.053682297
11,608,0.059586845
12,0,0.04626697
12,32,0.04616023
12,64,0.046221144
12,96,0.04121882
12,128,0.04049021
12,160,0.040396977
12,192,0.04169282
12,224,0.042793497
12,256,0.06918738
12,288,0.05165395
12,320,0.043740008
12,352,0.042008996
12,384,0.039343998
12,416,0.038700067
12,448,0.040800113
12,480,0.03824574
12,512,0.056741208
12,544,0.053987965
12,576,0.045396548
12,608,0.04063263
13,0,0.04209661
13,32,0.03840344
13,64,0.037453182
13,96,0.03727573
13,128,0.038614523
13,160,0.041798227
13,192,0.047624204
13,224,0.045038268
13,256,0.04003688
13,288,0.039639715
13,320,0.035719458
13,352,0.035996515
13,384,0.03471964
13,416,0.03594644
13,448,0.03983385
13,480,0.040265232
13,512,0.042866632
13,544,0.03790852
13,576,0.037302446
13,608,0.03466243
14,0,0.035380453
14,32,0.03266714
14,64,0.03225891
14,96,0.034540072
14,128,0.037147515
14,160,0.042491928
14,192,0.0374916
14,224,0.038107116
14,256,0.033880524
14,288,0.03213625
14,320,0.030023957
14,352,0.0316336
14,384,0.03425613
14,416,0.036255885
14,448,0.041640084
14,480,0.037194315
14,512,0.035134017
14,544,0.031853996
14,576,0.028752303
14,608,0.029973287
15,0,0.03256105
15,32,0.032089557
15,64,0.032867238
15,96,0.03880498
15,128,0.03843239
15,160,0.0353555
15,192,0.032100383
15,224,0.028782858
15,256,0.028889373
15,288,0.030921757
15,320,0.030822018
15,352,0.033573415
15,384,0.040651157
15,416,0.035281543
15,448,0.033731464
15,480,0.029048394
15,512,0.028395835
15,544,0.029885296
15,576,0.03036659
15,608,0.030269833
16,0,0.031740434
16,32,0.036728386
16,64,0.03910292
16,96,0.033973724
16,128,0.030165002
16,160,0.02829518
16,192,0.029640494
16,224,0.029438186
16,256,0.029280748
16,288,0.03225711
16,320,0.039265785
16,352,0.034138743
16,384,0.030949036
16,416,0.02817369
16,448,0.029787034
16,480,0.02936582
16,512,0.028439311
16,544,0.029727945
16,576,0.0359476
16,608,0.037347
17,0,0.031464405
17,32,0.03086481
17,64,0.028140267
17,96,0.02974829
17,128,0.029538222
17,160,0.028377574
17,192,0.028662797
17,224,0.03145625
17,256,0.039506916
17,288,0.033462916
17,320,0.027109345
17,352,0.029561514
17,384,0.03020887
17,416,0.02872233
17,448,0.028028557
17,480,0.029457062
17,512,0.03552911
17,544,0.039644964
17,576,0.027568672
17,608,0.028493
18,0,0.03021802
18,32,0.029764276
18,64,0.029437209
18,96,0.028306095
18,128,0.028947249
18,160,0.030538436
18,192,0.044069648
18,224,0.03426414
18,256,0.028119067
18,288,0.029744584
18,320,0.030200016
18,352,0.029040042
18,384,0.029364796
18,416,0.028762711
18,448,0.035955515
18,480,0.0521265
18,512,0.033194143
18,544,0.029836467
18,576,0.030615075
18,608,0.030955635
19,0,0.027554436
19,32,0.02988638
19,64,0.029119177
19,96,0.030226985
19,128,0.051060576
19,160,0.054875888
19,192,0.033361338
19,224,0.030434925
19,256,0.031751014
19,288,0.029785657
19,320,0.029802766
19,352,0.028260661
19,384,0.035265118
19,416,0.06484794
19,448,0.040129196
19,480,0.030525846
19,512,0.03036996
19,544,0.029240267
19,576,0.028688906
19,608,0.028364407
20,0,0.028874265
20,32,0.028850103
20,64,0.04520146
20,96,0.037846077
20,128,0.030290294
20,160,0.027828442
20,192,0.027671756
20,224,0.027849175
20,256,0.02720135
20,288,0.027296258
20,320,0.03001118
20,352,0.031844407
20,384,0.029704819
20,416,0.026266227
20,448,0.02625483
20,480,0.026528813
20,512,0.026489684
20,544,0.025647426
20,576,0.024759177
20,608,0.026911465
