1,0,0.13495255
1,32,0.14595544
1,64,0.14368106
1,96,0.14471424
1,128,0.14492033
1,160,0.18940161
1,192,0.14854172
1,224,0.14480916
1,256,0.16801399
1,288,0.14896388
1,320,0.13994527
1,352,0.1411305
1,384,0.14044252
1,416,0.1758669
1,448,0.1535788
1,480,0.14144175
1,512,0.15514061
1,544,0.15442334
1,576,0.13637939
1,608,0.1354574
2,0,0.13322988
2,32,0.13516222
2,64,0.1603512
2,96,0.1517841
2,128,0.13543428
2,160,0.1417644
2,192,0.14970772
2,224,0.1295425
2,256,0.12895566
2,288,0.12766597
2,320,0.14097537
2,352,0.14557265
2,384,0.124536976
2,416,0.12405052
2,448,0.14206994
2,480,0.12293904
2,512,0.12045301
2,544,0.11859006
2,576,0.12320471
2,608,0.14431034
3,0,0.11413671
3,32,0.114373244
3,64,0.11364072
3,96,0.12950534
3,128,0.115680255
3,160,0.1127201
3,192,0.10969075
3,224,0.11049273
3,256,0.13720232
3,288,0.112897255
3,320,0.10598394
3,352,0.117544785
3,384,0.10917453
3,416,0.10484402
3,448,0.10136306
3,480,0.0990325
3,512,0.12673032
3,544,0.11098665
3,576,0.100593396
3,608,0.1088956
4,0,0.09443797
4,32,0.10363229
4,64,0.10027918
4,96,0.09465905
4,128,0.09018882
4,160,0.11329951
4,192,0.10680924
4,224,0.096834406
4,256,0.10064886
4,288,0.098348625
4,320,0.095402956
4,352,0.089918695
4,384,0.08387958
4,416,0.09504885
4,448,0.094791435
4,480,0.09162488
4,512,0.08989682
4,544,0.08999815
4,576,0.089908175
4,608,0.08289928
5,0,0.07994516
5,32,0.07955266
5,64,0.086078644
5,96,0.08240658
5,128,0.08636557
5,160,0.08976699
5,192,0.082175806
5,224,0.08675387
5,256,0.077957906
5,288,0.07677233
5,320,0.08198617
5,352,0.077025436
5,384,0.07900104
5,416,0.08516031
5,448,0.08408625
5,480,0.082923725
5,512,0.07636317
5,544,0.07008054
5,576,0.079457015
5,608,0.074346446
6,0,0.06526044
6,32,0.072847866
6,64,0.07914507
6,96,0.08492026
6,128,0.07494486
6,160,0.07553434
6,192,0.06545833
6,224,0.07170031
6,256,0.08145923
6,288,0.06726478
6,320,0.07171469
6,352,0.0876713
6,384,0.07651077
6,416,0.07266379
6,448,0.06468962
6,480,0.062459566
6,512,0.07971138
6,544,0.06673669
6,576,0.06675953
6,608,0.07865929
7,0,0.06783343
7,32,0.0704266
7,64,0.07306307
7,96,0.06387873
7,128,0.059570532
7,160,0.0678196
7,192,0.07138867
7,224,0.06300504
7,256,0.06894988
7,288,0.06831716
7,320,0.06962637
7,352,0.06385739
7,384,0.06088438
7,416,0.05990349
7,448,0.064720705
7,480,0.065122634
7,512,0.059231892
7,544,0.06235876
7,576,0.061969392
7,608,0.06415176
8,0,0.05661255
8,32,0.059046507
8,64,0.057604074
8,96,0.056438755
8,128,0.06627258
8,160,0.0562728
8,192,0.056008123
8,224,0.0583067
8,256,0.059459522
8,288,0.056316186
8,320,0.057230413
8,352,0.05310578
8,384,0.05963777
8,416,0.059598055
8,448,0.051258385
8,480,0.0561478
8,512,0.05522731
8,544,0.05294598
8,576,0.05365717
8,608,0.05565953
9,0,0.04924114
9,32,0.05242265
9,64,0.05918218
9,96,0.052159343
9,128,0.051419232
9,160,0.054663107
9,192,0.04989052
9,224,0.048614807
9,256,0.05913927
9,288,0.049236264
9,320,0.054038387
9,352,0.05357384
9,384,0.04743744
9,416,0.053537335
9,448,0.05063487
9,480,0.044193156
9,512,0.052605778
9,544,0.05197762
9,576,0.04828991
9,608,0.05127353
10,0,0.045344263
10,32,0.047303427
10,64,0.047297146
10,96,0.052074086
10,128,0.044984356
10,160,0.045114055
10,192,0.051751073
10,224,0.04686578
10,256,0.047928646
10,288,0.046092637
10,320,0.044728007
10,352,0.049972523
10,384,0.048561227
10,416,0.043022156
10,448,0.04586909
10,480,0.04934244
10,512,0.045371722
10,544,0.043625657
10,576,0.04424539
10,608,0.045376617
11,0,0.04236514
11,32,0.05010897
11,64,0.046902932
11,96,0.042549845
11,128,0.04895528
11,160,0.04556667
11,192,0.042268034
11,224,0.042331107
11,256,0.043889944
11,288,0.04425733
11,320,0.055347893
11,352,0.04701264
11,384,0.044995833
11,416,0.047653522
11,448,0.040936008
11,480,0.04095217
11,512,0.04292684
11,544,0.041423593
11,576,0.053682297
11,608,0.059586845
12,0,0.04626697
12,32,0.04616023
12,64,0.046221144
12,96,0.04121882
12,128,0.04049021
12,160,0.040396977
12,192,0.04169282
12,224,0.042793497
12,256,0.06918738
12,288,0.05165395
12,320,0.043740008
12,352,0.042008996
12,384,0.039343998
12,416,0.038700067
12,448,0.040800113
12,480,0.03824574
12,512,0.056741208
12,544,0.053987965
12,576,0.045396548
12,608,0.04063263
13,0,0.04209661
13,32,0.03840344
13,64,0.037453182
13,96,0.03727573
13,128,0.038614523
13,160,0.041798227
13,192,0.047624204
13,224,0.045038268
13,256,0.04003688
13,288,0.039639715
13,320,0.035719458
13,352,0.035996515
13,384,0.03471964
13,416,0.03594644
13,448,0.03983385
13,480,0.040265232
13,512,0.042866632
13,544,0.03790852
13,576,0.037302446
13,608,0.03466243
14,0,0.035380453
14,32,0.03266714
14,64,0.03225891
14,96,0.034540072
14,128,0.037147515
14,160,0.042491928
14,192,0.0374916
14,224,0.038107116
14,256,0.033880524
14,288,0.03213625
14,320,0.030023957
14,352,0.0316336
14,384,0.03425613
14,416,0.036255885
14,448,0.041640084
14,480,0.037194315
14,512,0.035134017
14,544,0.031853996
14,576,0.028752303
14,608,0.029973287
15,0,0.03256105
15,32,0.032089557
15,64,0.032867238
15,96,0.03880498
15,128,0.03843239
15,160,0.0353555
15,192,0.032100383
15,224,0.028782858
15,256,0.028889373
15,288,0.030921757
15,320,0.030822018
15,352,0.033573415
15,384,0.040651157
15,416,0.035281543
15,448,0.033731464
15,480,0.029048394
15,512,0.028395835
15,544,0.029885296
15,576,0.03036659
15,608,0.030269833
16,0,0.031740434
16,32,0.036728386
16,64,0.03910292
16,96,0.033973724
16,128,0.030165002
16,160,0.02829518
16,192,0.029640494
16,224,0.029438186
16,256,0.029280748
16,288,0.03225711
16,320,0.039265785
16,352,0.034138743
16,384,0.030949036
16,416,0.02817369
16,448,0.029787034
16,480,0.02936582
16,512,0.028439311
16,544,0.029727945
16,576,0.0359476
16,608,0.037347
17,0,0.031464405
17,32,0.03086481
17,64,0.028140267
17,96,0.02974829
17,128,0.029538222
17,160,0.028377574
17,192,0.028662797
17,224,0.03145625
17,256,0.039506916
17,288,0.033462916
17,320,0.027109345
17,352,0.029561514
17,384,0.03020887
17,416,0.02872233
17,448,0.028028557
17,480,0.029457062
17,512,0.03552911
17,544,0.039644964
17,576,0.027568672
17,608,0.028493
18,0,0.03021802
18,32,0.029764276
18,64,0.029437209
18,96,0.028306095
18,128,0.028947249
18,160,0.030538436
18,192,0.044069648
18,224,0.03426414
18,256,0.028119067
18,288,0.029744584
18,320,0.030200016
18,352,0.029040042
18,384,0.029364796
18,416,0.028762711
18,448,0.035955515
18,480,0.0521265
18,512,0.033194143
18,544,0.029836467
18,576,0.030615075
18,608,0.030955635
19,0,0.027554436
19,32,0.02988638
19,64,0.029119177
19,96,0.030226985
19,128,0.051060576
19,160,0.054875888
19,192,0.033361338
19,224,0.030434925
19,256,0.031751014
19,288,0.029785657
19,320,0.029802766
19,352,0.028260661
19,384,0.035265118
19,416,0.06484794
19,448,0.040129196
19,480,0.030525846
19,512,0.03036996
19,544,0.029240267
19,576,0.028688906
19,608,0.028364407
20,0,0.028874265
20,32,0.028850103
20,64,0.04520146
20,96,0.037846077
20,128,0.030290294
20,160,0.027828442
20,192,0.027671756
20,224,0.027849175
20,256,0.02720135
20,288,0.027296258
20,320,0.03001118
20,352,0.031844407
20,384,0.029704819
20,416,0.026266227
20,448,0.02625483
20,480,0.026528813
20,512,0.026489684
20,544,0.025647426
20,576,0.024759177
20,608,0.026911465
21,0,0.027526416
21,32,0.027136791
21,64,0.024856962
21,96,0.024229323
21,128,0.02559461
21,160,0.025567682
21,192,0.024216773
21,224,0.022633532
21,256,0.024459366
21,288,0.0249188
21,320,0.023995964
21,352,0.023362694
21,384,0.024447711
21,416,0.0251217
21,448,0.023232916
21,480,0.021445205
21,512,0.02244006
21,544,0.023722647
21,576,0.023468096
21,608,0.022463238
22,0,0.024705954
22,32,0.023733867
22,64,0.02439375
22,96,0.023317415
22,128,0.020902866
22,160,0.021183057
22,192,0.023019467
22,224,0.02340553
22,256,0.022135282
22,288,0.022734033
22,320,0.024559094
22,352,0.023393992
22,384,0.02121175
22,416,0.020178042
22,448,0.02244101
22,480,0.022833556
22,512,0.02194128
22,544,0.022576999
22,576,0.023678325
22,608,0.023519322
23,0,0.023037042
23,32,0.02196659
23,64,0.019019771
23,96,0.022358313
23,128,0.022784833
23,160,0.02166268
23,192,0.022545382
23,224,0.022663165
23,256,0.023123989
23,288,0.023024725
23,320,0.018102618
23,352,0.022089597
23,384,0.022762727
23,416,0.021736348
23,448,0.02219324
23,480,0.022892391
23,512,0.022904802
23,544,0.022987092
23,576,0.018194426
23,608,0.021565497
24,0,0.024317205
24,32,0.022780571
24,64,0.0217788
24,96,0.02246954
24,128,0.022915103
24,160,0.023035033
24,192,0.022392243
24,224,0.018999089
24,256,0.021241069
24,288,0.022817146
24,320,0.021946378
24,352,0.02248336
24,384,0.023507591
24,416,0.023502309
24,448,0.022256535
24,480,0.019873157
24,512,0.021071192
24,544,0.02306847
24,576,0.022753885
24,608,0.0223373
25,0,0.025476385
25,32,0.024349097
25,64,0.024336
25,96,0.022572348
25,128,0.020539986
25,160,0.02080302
25,192,0.023322852
25,224,0.023412481
25,256,0.022687148
25,288,0.025766458
25,320,0.02597374
25,352,0.023214161
25,384,0.021465344
25,416,0.020642817
25,448,0.023278605
25,480,0.024014955
25,512,0.023545384
25,544,0.02554003
25,576,0.028987024
25,608,0.024736112
26,0,0.02203212
26,32,0.02241187
26,64,0.021082077
26,96,0.02352437
26,128,0.024143454
26,160,0.024324568
26,192,0.025596272
26,224,0.03160222
26,256,0.029842759
26,288,0.024759358
26,320,0.02048736
26,352,0.024362527
26,384,0.024510086
26,416,0.024164883
26,448,0.024459135
26,480,0.029740864
26,512,0.0428772
26,544,0.03148094
26,576,0.022089265
26,608,0.025089813
27,0,0.02667511
27,32,0.024789836
27,64,0.02410482
27,96,0.024280842
27,128,0.026427003
27,160,0.042764433
27,192,0.042663384
27,224,0.02739909
27,256,0.025338648
27,288,0.02501142
27,320,0.023606261
27,352,0.023820272
27,384,0.023755267
27,416,0.029240917
27,448,0.037116468
27,480,0.030132096
27,512,0.02467004
27,544,0.023622382
27,576,0.022613369
27,608,0.022296205
28,0,0.020217845
28,32,0.022200353
28,64,0.023159655
28,96,0.025603045
28,128,0.02427873
28,160,0.021941474
28,192,0.02156215
28,224,0.020663418
28,256,0.020415258
28,288,0.02065054
28,320,0.020895645
28,352,0.020820556
28,384,0.019947248
28,416,0.019014651
28,448,0.019579614
28,480,0.019675724
28,512,0.018456543
28,544,0.019236287
28,576,0.020126559
28,608,0.019490952
29,0,0.019807765
29,32,0.017844994
29,64,0.017052148
29,96,0.018720487
29,128,0.018899055
29,160,0.017680433
29,192,0.018563304
29,224,0.01969867
29,256,0.019129667
29,288,0.017862115
29,320,0.015076717
29,352,0.018229991
29,384,0.018284455
29,416,0.017292801
29,448,0.018336339
29,480,0.019017674
29,512,0.01965607
29,544,0.01791311
29,576,0.014013448
29,608,0.018060002
30,0,0.01895582
30,32,0.018159382
30,64,0.016876593
30,96,0.018098839
30,128,0.01875327
30,160,0.019366015
30,192,0.01793002
30,224,0.013537233
30,256,0.017779417
30,288,0.018073345
30,320,0.016605452
30,352,0.017841857
30,384,0.01843098
30,416,0.019092605
30,448,0.017652582
30,480,0.013983068
30,512,0.016902061
30,544,0.018478444
30,576,0.017049422
30,608,0.017301701
31,0,0.016955031
31,32,0.018122455
31,64,0.019073863
31,96,0.017665597
31,128,0.0146738
31,160,0.01644196
31,192,0.01872954
31,224,0.017941287
31,256,0.017583873
31,288,0.018069342
31,320,0.018998204
31,352,0.01808305
31,384,0.015734455
31,416,0.016103307
31,448,0.018697537
31,480,0.018785855
31,512,0.01785476
31,544,0.018548857
31,576,0.019008439
31,608,0.018664887
32,0,0.017652493
32,32,0.016849698
32,64,0.016695838
32,96,0.018864922
32,128,0.019557415
32,160,0.018386608
32,192,0.019235924
32,224,0.019552812
32,256,0.019014722
32,288,0.017675526
32,320,0.016841648
32,352,0.01924644
32,384,0.019518944
32,416,0.018423839
32,448,0.019835144
32,480,0.020304076
32,512,0.019701619
32,544,0.018444166
32,576,0.016370524
32,608,0.019565497
33,0,0.019924194
33,32,0.019914657
33,64,0.0188051
33,96,0.020488957
33,128,0.020918055
33,160,0.020443656
33,192,0.018850327
33,224,0.015805447
33,256,0.020000212
33,288,0.020244006
33,320,0.019220954
33,352,0.020652695
33,384,0.02181765
33,416,0.021752438
33,448,0.019322475
33,480,0.015399314
33,512,0.019566217
33,544,0.020963965
33,576,0.019364282
33,608,0.020208571
34,0,0.020118013
34,32,0.0216982
34,64,0.023113731
34,96,0.020022213
34,128,0.016049266
34,160,0.018864071
34,192,0.021610375
34,224,0.019629281
34,256,0.02009376
34,288,0.020503458
34,320,0.023160035
34,352,0.021673255
34,384,0.017413734
34,416,0.01858711
34,448,0.020535395
34,480,0.020813782
34,512,0.019546269
34,544,0.019698849
34,576,0.021081978
34,608,0.021287395
35,0,0.022829957
35,32,0.018411225
35,64,0.01801384
35,96,0.019234937
35,128,0.020464966
35,160,0.019168548
35,192,0.019576974
35,224,0.019527199
35,256,0.019659888
35,288,0.018239051
35,320,0.017004587
35,352,0.018459491
35,384,0.019313294
35,416,0.018732548
35,448,0.0188125
35,480,0.019099865
35,512,0.018220741
35,544,0.01720894
35,576,0.01547106
35,608,0.017752312
36,0,0.016598457
36,32,0.01786129
36,64,0.017687498
36,96,0.018833185
36,128,0.018468026
36,160,0.01769871
36,192,0.016511364
36,224,0.01399
36,256,0.017168919
36,288,0.017422108
36,320,0.016237432
36,352,0.017974531
36,384,0.017848503
36,416,0.017621975
36,448,0.016361235
36,480,0.012933874
36,512,0.016556825
36,544,0.017137917
36,576,0.015406504
36,608,0.017020341
37,0,0.016885465
37,32,0.017541671
37,64,0.017519051
37,96,0.016216183
37,128,0.0123975
37,160,0.016168397
37,192,0.016829737
37,224,0.015698647
37,256,0.016418641
37,288,0.01669328
37,320,0.017350724
37,352,0.015844818
37,384,0.013111807
37,416,0.014969449
37,448,0.016543344
37,480,0.01608567
37,512,0.015838977
37,544,0.01619897
37,576,0.01695844
37,608,0.016206622
38,0,0.015333135
38,32,0.013321656
38,64,0.014352447
38,96,0.016512578
38,128,0.016142309
38,160,0.016132288
38,192,0.016226277
38,224,0.016623408
38,256,0.01616259
38,288,0.01414185
38,320,0.013623112
38,352,0.01624818
38,384,0.016789015
38,416,0.015667122
38,448,0.016632222
38,480,0.016568039
38,512,0.016403303
38,544,0.01484892
38,576,0.013544394
38,608,0.016099155
39,0,0.015523856
39,32,0.017157434
39,64,0.015480004
39,96,0.01713689
39,128,0.016852366
39,160,0.016624372
39,192,0.015441839
39,224,0.013485629
39,256,0.016242662
39,288,0.017170519
39,320,0.015623473
39,352,0.017204233
39,384,0.017373154
39,416,0.01702
39,448,0.01609099
39,480,0.013200309
39,512,0.016865782
39,544,0.01679751
39,576,0.016010206
39,608,0.017127518
40,0,0.017242875
40,32,0.017861439
40,64,0.017593239
40,96,0.016463835
40,128,0.013259141
40,160,0.017643243
40,192,0.01704065
40,224,0.01598411
40,256,0.017485667
40,288,0.01767239
40,320,0.018717773
40,352,0.016879877
40,384,0.0135417115
40,416,0.016683536
40,448,0.01738637
40,480,0.01593997
40,512,0.01737478
40,544,0.017168306
40,576,0.018869657
40,608,0.017652318
