1,0,0.1349626
1,32,0.121432886
1,64,0.083643
1,96,0.06793629
1,128,0.06112514
1,160,0.06805435
1,192,0.057089124
1,224,0.05089515
1,256,0.056666296
2,0,0.05819121
2,32,0.04983267
2,64,0.044522163
2,96,0.04223802
2,128,0.041466102
2,160,0.049628183
2,192,0.04481507
2,224,0.03983543
2,256,0.044984
3,0,0.04906816
3,32,0.0407482
3,64,0.035671722
3,96,0.033233102
3,128,0.032710683
3,160,0.038985055
3,192,0.03610989
3,224,0.032070655
3,256,0.035953965
4,0,0.03986419
4,32,0.03289727
4,64,0.029072655
4,96,0.027175074
4,128,0.026618926
4,160,0.031534918
4,192,0.030173458
4,224,0.027342074
4,256,0.029373707
5,0,0.03214147
5,32,0.027692597
5,64,0.025382701
5,96,0.023218954
5,128,0.023925943
5,160,0.027279463
5,192,0.028466377
5,224,0.024805976
5,256,0.02468264
6,0,0.02647917
6,32,0.024807615
6,64,0.023859154
6,96,0.020692268
6,128,0.021299426
6,160,0.02283936
6,192,0.025143117
6,224,0.02288084
6,256,0.021250166
7,0,0.02229531
7,32,0.02229108
7,64,0.021876672
7,96,0.018990874
7,128,0.018215725
7,160,0.019624645
7,192,0.021363944
7,224,0.021029564
7,256,0.019110136
8,0,0.018625153
8,32,0.02036056
8,64,0.01986043
8,96,0.017010942
8,128,0.015913611
8,160,0.017373988
8,192,0.017412355
8,224,0.019534117
8,256,0.01792733
9,0,0.017396696
9,32,0.01843998
9,64,0.01930671
9,96,0.01664454
9,128,0.014840749
9,160,0.015376573
9,192,0.016926637
9,224,0.017682884
9,256,0.017397504
10,0,0.017320594
10,32,0.017383024
10,64,0.019004405
10,96,0.016831484
10,128,0.014064078
10,160,0.01370049
10,192,0.015261223
10,224,0.016515406
10,256,0.016595032
11,0,0.015529971
11,32,0.017236067
11,64,0.018033877
11,96,0.017407674
11,128,0.013789184
11,160,0.012489238
11,192,0.013680505
11,224,0.015892934
11,256,0.016373219
12,0,0.01385683
12,32,0.016940331
12,64,0.017019998
12,96,0.015833456
12,128,0.013704418
12,160,0.012130457
12,192,0.012530845
12,224,0.014584553
12,256,0.015865756
13,0,0.013958764
13,32,0.016077425
13,64,0.015770989
13,96,0.015052902
13,128,0.012916002
13,160,0.012053835
13,192,0.012220399
13,224,0.012834465
13,256,0.014524003
14,0,0.015498795
14,32,0.014298933
14,64,0.014162982
14,96,0.014693133
14,128,0.0124798
14,160,0.011428406
14,192,0.012362364
14,224,0.012215418
14,256,0.012668478
15,0,0.01221854
15,32,0.013517016
15,64,0.01239486
15,96,0.013696774
15,128,0.012291158
15,160,0.011455258
15,192,0.01205547
15,224,0.011943675
15,256,0.011627565
16,0,0.011490679
16,32,0.013878308
16,64,0.011656677
16,96,0.01273725
16,128,0.011864848
16,160,0.011612312
16,192,0.012563379
16,224,0.01264324
16,256,0.012120697
17,0,0.010101947
17,32,0.01356367
17,64,0.012055571
17,96,0.011432773
17,128,0.0114811715
17,160,0.010861391
17,192,0.011637033
17,224,0.013399814
17,256,0.012919084
18,0,0.010081217
18,32,0.012327589
18,64,0.012624339
18,96,0.011290463
18,128,0.010801524
18,160,0.010244416
18,192,0.012056426
18,224,0.01245431
18,256,0.013407554
19,0,0.010405627
19,32,0.013583664
19,64,0.012873947
19,96,0.012757998
19,128,0.011147287
19,160,0.009354266
19,192,0.01258829
19,224,0.010905373
19,256,0.011693984
20,0,0.010307862
20,32,0.013022477
20,64,0.012865549
20,96,0.013503006
20,128,0.0119617125
20,160,0.009017228
20,192,0.012926979
20,224,0.011540546
20,256,0.009659152
21,0,0.007977864
21,32,0.011045964
21,64,0.011647366
21,96,0.013171516
21,128,0.012577825
21,160,0.00957223
21,192,0.012132608
21,224,0.012009852
21,256,0.009404636
22,0,0.0079317065
22,32,0.010618277
22,64,0.010729582
22,96,0.011985089
22,128,0.012152984
22,160,0.0097220875
22,192,0.011670381
22,224,0.01153102
22,256,0.009814235
23,0,0.008642035
23,32,0.010479035
23,64,0.009986427
23,96,0.010367061
23,128,0.010491621
23,160,0.0090257935
23,192,0.01206621
23,224,0.010278636
23,256,0.010613049
24,0,0.008210977
24,32,0.010894366
24,64,0.009484769
24,96,0.009065276
24,128,0.008974361
24,160,0.008464314
24,192,0.0114076035
24,224,0.0088193705
24,256,0.009966668
25,0,0.009534357
25,32,0.011157427
25,64,0.009321452
25,96,0.00827446
25,128,0.008136383
25,160,0.0072814617
25,192,0.010311552
25,224,0.008560432
25,256,0.009002162
26,0,0.008081794
26,32,0.010575562
26,64,0.009802621
26,96,0.007898483
26,128,0.007837158
26,160,0.006537802
26,192,0.008917108
26,224,0.009046647
26,256,0.008100344
27,0,0.0068296716
27,32,0.010069573
27,64,0.009928165
27,96,0.008845089
27,128,0.007731629
27,160,0.0063105123
27,192,0.007817159
27,224,0.009258303
27,256,0.007515764
28,0,0.0064187115
28,32,0.009533932
28,64,0.009322821
28,96,0.009771893
28,128,0.008054595
28,160,0.006590397
28,192,0.007567972
28,224,0.008547661
28,256,0.00785353
29,0,0.0054763136
29,32,0.008227339
29,64,0.008472623
29,96,0.009568261
29,128,0.009430667
29,160,0.0068943184
29,192,0.0077572498
29,224,0.007880617
29,256,0.008053829
30,0,0.005866796
30,32,0.0075431177
30,64,0.0076106726
30,96,0.0084693
30,128,0.01090076
30,160,0.007131553
30,192,0.0074270144
30,224,0.007573097
30,256,0.008138034
31,0,0.0058492655
31,32,0.0072909426
31,64,0.007160752
31,96,0.007508254
31,128,0.010159928
31,160,0.0073213615
31,192,0.0070677535
31,224,0.007229885
31,256,0.0076805307
32,0,0.0062634936
32,32,0.0075395037
32,64,0.0068188813
32,96,0.006944087
32,128,0.008175251
32,160,0.007067104
32,192,0.0069173262
32,224,0.0067887646
32,256,0.0069223833
33,0,0.0058546923
33,32,0.008122222
33,64,0.0065338947
33,96,0.007034577
33,128,0.006879582
33,160,0.006372784
33,192,0.0068370528
33,224,0.0062889503
33,256,0.006564801
34,0,0.004653858
34,32,0.008181818
34,64,0.006727419
34,96,0.007415834
34,128,0.006662154
34,160,0.0058348365
34,192,0.00662994
34,224,0.0063408106
34,256,0.006537516
35,0,0.00477677
35,32,0.008277991
35,64,0.0072492748
35,96,0.008005882
35,128,0.0073750922
35,160,0.0053925323
35,192,0.0072612423
35,224,0.007002235
35,256,0.006213456
36,0,0.005401209
36,32,0.008014398
36,64,0.007856286
36,96,0.007978429
36,128,0.008068727
36,160,0.005633011
36,192,0.008040236
36,224,0.007617602
36,256,0.0066422336
37,0,0.0050175963
37,32,0.00808777
37,64,0.0077619893
37,96,0.0076140817
37,128,0.008038588
37,160,0.005781338
37,192,0.007550546
37,224,0.0077179153
37,256,0.00722513
38,0,0.004917018
38,32,0.00828156
38,64,0.007818095
38,96,0.007287355
38,128,0.00696145
38,160,0.005872062
38,192,0.0066815945
38,224,0.007477946
38,256,0.0075374674
39,0,0.004716142
39,32,0.008289501
39,64,0.008385464
39,96,0.0075360206
39,128,0.006326542
39,160,0.005248037
39,192,0.0064295027
39,224,0.0067144018
39,256,0.00654798
40,0,0.005040115
40,32,0.008308344
40,64,0.008869178
40,96,0.008553627
40,128,0.0063072275
40,160,0.0046433685
40,192,0.0064451857
40,224,0.006171023
40,256,0.00600603
41,0,0.004466644
41,32,0.006751727
41,64,0.008538051
41,96,0.00886494
41,128,0.0071459054
41,160,0.0045020287
41,192,0.0060727564
41,224,0.006332741
41,256,0.005626412
42,0,0.0044700457
42,32,0.006151387
42,64,0.0080755
42,96,0.008614402
42,128,0.0078830095
42,160,0.005043275
42,192,0.0059845294
42,224,0.0068893083
42,256,0.005665786
43,0,0.0046171397
43,32,0.0060762106
43,64,0.007218898
43,96,0.008291185
43,128,0.007866892
43,160,0.005580914
43,192,0.0057301787
43,224,0.0069801556
43,256,0.0059981574
44,0,0.0044585634
44,32,0.0060417494
44,64,0.0058361525
44,96,0.0071018413
44,128,0.007261253
44,160,0.0051846337
44,192,0.0058223717
44,224,0.0061370013
44,256,0.006220685
45,0,0.0041882377
45,32,0.006350822
45,64,0.005467469
45,96,0.005518099
45,128,0.0061107567
45,160,0.004699049
45,192,0.0062736357
45,224,0.0058808275
45,256,0.005932474
46,0,0.004961369
46,32,0.0062191505
46,64,0.0054709367
46,96,0.004821312
46,128,0.005121206
46,160,0.0042939633
46,192,0.00629523
46,224,0.0060261725
46,256,0.005579744
47,0,0.0048264624
47,32,0.0061090766
47,64,0.005473446
47,96,0.004750851
47,128,0.004693071
47,160,0.0040861946
47,192,0.006030404
47,224,0.0059581487
47,256,0.005040296
48,0,0.0050889887
48,32,0.006268276
48,64,0.005368445
48,96,0.004925555
48,128,0.004710539
48,160,0.0040765153
48,192,0.005820156
48,224,0.0059969868
48,256,0.0053979955
49,0,0.004257422
49,32,0.0067245727
49,64,0.00587608
49,96,0.0053540682
49,128,0.004842807
49,160,0.004289788
49,192,0.0057962225
49,224,0.0059892903
49,256,0.0057839025
50,0,0.0050981906
50,32,0.007642346
50,64,0.006535614
50,96,0.0064377114
50,128,0.00553199
50,160,0.004545726
50,192,0.005735904
50,224,0.0057766433
50,256,0.00542605
51,0,0.004591223
51,32,0.006804016
51,64,0.006972222
51,96,0.0069297403
51,128,0.006056487
51,160,0.0043657636
51,192,0.0052540675
51,224,0.0051000766
51,256,0.004716116
52,0,0.0038853802
52,32,0.00591662
52,64,0.006846912
52,96,0.006605299
52,128,0.005883179
52,160,0.0042534657
52,192,0.0051647304
52,224,0.004927649
52,256,0.004187104
53,0,0.0037737682
53,32,0.005194136
53,64,0.006449053
53,96,0.00640347
53,128,0.0051496876
53,160,0.003860089
53,192,0.00465448
53,224,0.0051427474
53,256,0.004179898
54,0,0.0032562236
54,32,0.0047937226
54,64,0.0055486
54,96,0.006383475
54,128,0.00499334
54,160,0.0038033284
54,192,0.004578298
54,224,0.005308855
54,256,0.0047384603
55,0,0.0032929615
55,32,0.004892983
55,64,0.0048040636
55,96,0.006212308
55,128,0.0051447777
55,160,0.0035635773
55,192,0.004381877
55,224,0.0050869477
55,256,0.0054504615
56,0,0.0035591193
56,32,0.0050284597
56,64,0.0047237095
56,96,0.0053987997
56,128,0.0053474354
56,160,0.0036797954
56,192,0.0043295994
56,224,0.004758193
56,256,0.00552714
57,0,0.0036715665
57,32,0.0051792786
57,64,0.004996427
57,96,0.0048385854
57,128,0.0052314866
57,160,0.0037287315
57,192,0.0042944285
57,224,0.004416129
57,256,0.0048834323
58,0,0.0037938817
58,32,0.005869304
58,64,0.005242212
58,96,0.0049152994
58,128,0.0046910755
58,160,0.0037823692
58,192,0.0042795204
58,224,0.0045782486
58,256,0.0043544304
59,0,0.003328805
59,32,0.0052061765
59,64,0.005301856
59,96,0.0054862844
59,128,0.0046343086
59,160,0.0036894882
59,192,0.004075727
59,224,0.004604012
59,256,0.004198832
60,0,0.00330162
60,32,0.0047189323
60,64,0.0054220106
60,96,0.0061541735
60,128,0.005015919
60,160,0.0036583275
60,192,0.0040031453
60,224,0.004351379
60,256,0.004393213
61,0,0.0030928534
61,32,0.004245574
61,64,0.005604166
61,96,0.0058691697
61,128,0.0055683344
61,160,0.0036080068
61,192,0.0041129086
61,224,0.0041112937
61,256,0.004393337
62,0,0.0033437249
62,32,0.0046665133
62,64,0.0051447707
62,96,0.005420162
62,128,0.005515024
62,160,0.0038389533
62,192,0.0047999737
62,224,0.0044442243
62,256,0.0042983172
63,0,0.0030878573
63,32,0.004556143
63,64,0.0043810187
63,96,0.0050847987
63,128,0.00468519
63,160,0.0040880144
63,192,0.004889285
63,224,0.0051204455
63,256,0.004603433
64,0,0.0037877648
64,32,0.005087134
64,64,0.0044378443
64,96,0.004344769
64,128,0.004381412
64,160,0.0035988279
64,192,0.0042514796
64,224,0.005165696
64,256,0.0048330263
65,0,0.0036574365
65,32,0.0046404493
65,64,0.0047860546
65,96,0.0038712337
65,128,0.0039015242
65,160,0.0032764117
65,192,0.0039284416
65,224,0.0046489984
65,256,0.0049570035
66,0,0.0036059967
66,32,0.0045818477
66,64,0.005104357
66,96,0.004252551
66,128,0.0035626169
66,160,0.0029459351
66,192,0.003516041
66,224,0.0041393056
66,256,0.0047989655
67,0,0.003540738
67,32,0.0048649544
67,64,0.004760488
67,96,0.004758649
67,128,0.0036014994
67,160,0.0026742676
67,192,0.003409332
67,224,0.0040091034
67,256,0.0042976825
68,0,0.0036027401
68,32,0.0046948465
68,64,0.00437148
68,96,0.005262927
68,128,0.003942003
68,160,0.0027129776
68,192,0.0033673467
68,224,0.0037602903
68,256,0.004003536
69,0,0.0031177013
69,32,0.004704715
69,64,0.0042668115
69,96,0.004901616
69,128,0.004425722
69,160,0.002794762
69,192,0.0034494032
69,224,0.003605574
69,256,0.0038307298
70,0,0.0031645447
70,32,0.00475554
70,64,0.004166068
70,96,0.0047001992
70,128,0.004774579
70,160,0.0031272767
70,192,0.0037591585
70,224,0.004153389
70,256,0.0036674228
71,0,0.0030535166
71,32,0.005122885
71,64,0.0044282777
71,96,0.0043515908
71,128,0.0045879995
71,160,0.0034925644
71,192,0.0049456595
71,224,0.004052715
71,256,0.003294487
72,0,0.003000103
72,32,0.0052174474
72,64,0.004790882
72,96,0.0043428424
72,128,0.0042449217
72,160,0.0034691629
72,192,0.004435384
72,224,0.003926856
72,256,0.0032692445
73,0,0.002967934
73,32,0.004618343
73,64,0.004948428
73,96,0.0044413167
73,128,0.0041656485
73,160,0.0032779973
73,192,0.00378718
73,224,0.0038875309
73,256,0.003551767
74,0,0.0027454305
74,32,0.004571545
74,64,0.0044626365
74,96,0.005011819
74,128,0.0043316116
74,160,0.0033708822
74,192,0.0041674892
74,224,0.004396585
74,256,0.0039870394
75,0,0.003027815
75,32,0.004679486
75,64,0.0040155547
75,96,0.0051531987
75,128,0.005030672
75,160,0.0034918878
75,192,0.0042819493
75,224,0.004813173
75,256,0.004201707
76,0,0.0034469056
76,32,0.00526281
76,64,0.0043195933
76,96,0.0045149857
76,128,0.005124889
76,160,0.003559598
76,192,0.003808483
76,224,0.004540618
76,256,0.003927249
77,0,0.0032156408
77,32,0.004561791
77,64,0.0049237725
77,96,0.004033039
77,128,0.004330124
77,160,0.003312553
77,192,0.0035547607
77,224,0.003851432
77,256,0.003684464
78,0,0.002772127
78,32,0.004169469
78,64,0.004862675
78,96,0.004133359
78,128,0.0035679967
78,160,0.0028800834
78,192,0.003142846
78,224,0.0032276234
78,256,0.0033254384
79,0,0.0025810613
79,32,0.0035802247
79,64,0.0042068968
79,96,0.0041254917
79,128,0.003316519
79,160,0.0025164315
79,192,0.0029282542
79,224,0.0029137987
79,256,0.0030357316
80,0,0.0022606433
80,32,0.0033735593
80,64,0.0035390612
80,96,0.0039808513
80,128,0.0033793428
80,160,0.002318467
80,192,0.002675442
80,224,0.0027431683
80,256,0.0027191443
