1,0,0.1349626
1,32,0.12161709
1,64,0.08384747
1,96,0.067991115
1,128,0.06123747
1,160,0.067818
1,192,0.057289
1,224,0.05101149
1,256,0.056676988
2,0,0.058502138
2,32,0.049873512
2,64,0.044467613
2,96,0.042031072
2,128,0.041392487
2,160,0.049458206
2,192,0.0444647
2,224,0.039523095
2,256,0.04486369
3,0,0.049212955
3,32,0.04057583
3,64,0.035391692
3,96,0.033258643
3,128,0.03254376
3,160,0.03922585
3,192,0.035315283
3,224,0.031557158
3,256,0.03587346
4,0,0.040467884
4,32,0.033155154
4,64,0.02913735
4,96,0.027361391
4,128,0.02667062
4,160,0.031812217
4,192,0.031055145
4,224,0.026312172
4,256,0.029264187
5,0,0.03404006
5,32,0.029157395
5,64,0.025186231
5,96,0.023234047
5,128,0.022764537
5,160,0.026561944
5,192,0.026557874
5,224,0.02287868
5,256,0.024639778
6,0,0.0290577
6,32,0.026251927
6,64,0.022192704
6,96,0.020257216
6,128,0.019617856
6,160,0.022814738
6,192,0.022135302
6,224,0.019879678
6,256,0.021665793
7,0,0.025596222
7,32,0.023825165
7,64,0.019640768
7,96,0.018323272
7,128,0.017509278
7,160,0.020618835
7,192,0.019930983
7,224,0.017430488
7,256,0.019466888
