1,0,0.13495255
1,32,0.14595544
1,64,0.14368106
1,96,0.14471424
1,128,0.14492033
1,160,0.18940161
1,192,0.14854172
1,224,0.14480916
1,256,0.16801399
1,288,0.14896388
1,320,0.13994527
1,352,0.1411305
1,384,0.14044252
1,416,0.1758669
1,448,0.1535788
1,480,0.14144175
1,512,0.15514061
1,544,0.15442334
1,576,0.13637939
1,608,0.1354574
2,0,0.13322988
2,32,0.13516222
2,64,0.1603512
2,96,0.1517841
2,128,0.13543428
2,160,0.1417644
2,192,0.14970772
2,224,0.1295425
2,256,0.12895566
2,288,0.12766597
2,320,0.14097537
2,352,0.14557265
2,384,0.124536976
2,416,0.12405052
2,448,0.14206994
2,480,0.12293904
2,512,0.12045301
2,544,0.11859006
2,576,0.12320471
2,608,0.14431034
3,0,0.11413671
3,32,0.114373244
3,64,0.11364072
3,96,0.12950534
3,128,0.115680255
3,160,0.1127201
3,192,0.10969075
3,224,0.11049273
3,256,0.13720232
3,288,0.112897255
3,320,0.10598394
3,352,0.117544785
3,384,0.10917453
3,416,0.10484402
3,448,0.10136306
3,480,0.0990325
3,512,0.12673032
3,544,0.11098665
3,576,0.100593396
3,608,0.1088956
4,0,0.09443797
4,32,0.10363229
4,64,0.10027918
4,96,0.09465905
4,128,0.09018882
4,160,0.11329951
4,192,0.10680924
4,224,0.096834406
4,256,0.10064886
4,288,0.098348625
4,320,0.095402956
4,352,0.089918695
4,384,0.08387958
4,416,0.09504885
4,448,0.094791435
4,480,0.09162488
4,512,0.08989682
4,544,0.08999815
4,576,0.089908175
4,608,0.08289928
5,0,0.07994516
5,32,0.07955266
5,64,0.086078644
5,96,0.08240658
5,128,0.08636557
5,160,0.08976699
5,192,0.082175806
5,224,0.08675387
5,256,0.077957906
5,288,0.07677233
5,320,0.08198617
5,352,0.077025436
5,384,0.07900104
5,416,0.08516031
5,448,0.08408625
5,480,0.082923725
5,512,0.07636317
5,544,0.07008054
5,576,0.079457015
5,608,0.074346446
6,0,0.06526044
6,32,0.072847866
6,64,0.07914507
6,96,0.08492026
6,128,0.07494486
6,160,0.07553434
6,192,0.06545833
6,224,0.07170031
6,256,0.08145923
6,288,0.06726478
6,320,0.07171469
6,352,0.0876713
6,384,0.07651077
6,416,0.07266379
6,448,0.06468962
6,480,0.062459566
6,512,0.07971138
6,544,0.06673669
6,576,0.06675953
6,608,0.07865929
7,0,0.06783343
7,32,0.0704266
7,64,0.07306307
7,96,0.06387873
7,128,0.059570532
7,160,0.0678196
7,192,0.07138867
7,224,0.06300504
7,256,0.06894988
7,288,0.06831716
7,320,0.06962637
7,352,0.06385739
7,384,0.06088438
7,416,0.05990349
7,448,0.064720705
7,480,0.065122634
7,512,0.059231892
7,544,0.06235876
7,576,0.061969392
7,608,0.06415176
8,0,0.05661255
8,32,0.059046507
8,64,0.057604074
8,96,0.056438755
8,128,0.06627258
8,160,0.0562728
8,192,0.056008123
8,224,0.0583067
8,256,0.059459522
8,288,0.056316186
8,320,0.057230413
8,352,0.05310578
8,384,0.05963777
8,416,0.059598055
8,448,0.051258385
8,480,0.0561478
8,512,0.05522731
8,544,0.05294598
8,576,0.05365717
8,608,0.05565953
9,0,0.04924114
9,32,0.05242265
9,64,0.05918218
9,96,0.052159343
9,128,0.051419232
9,160,0.054663107
9,192,0.04989052
9,224,0.048614807
9,256,0.05913927
9,288,0.049236264
9,320,0.054038387
9,352,0.05357384
9,384,0.04743744
9,416,0.053537335
9,448,0.05063487
9,480,0.044193156
9,512,0.052605778
9,544,0.05197762
9,576,0.04828991
9,608,0.05127353
10,0,0.045344263
10,32,0.047303427
10,64,0.047297146
10,96,0.052074086
10,128,0.044984356
10,160,0.045114055
10,192,0.051751073
10,224,0.04686578
10,256,0.047928646
10,288,0.046092637
10,320,0.044728007
10,352,0.049972523
10,384,0.048561227
10,416,0.043022156
10,448,0.04586909
10,480,0.04934244
10,512,0.045371722
10,544,0.043625657
10,576,0.04424539
10,608,0.045376617
